# PAGES2kv2_NAm-SOVLMR372 - from PAGES Phase 2 v1.9.0
#-----------------------------------------------------------------------
#		World Data Center for Paleoclimatology, Boulder
#				and
#		NOAA Paleoclimatology Program
#-----------------------------------------------------------------------
# NOTE: Please cite Publication, and Online_Resource and date accessed when using these data.
# If there is no publication information, please cite Investigators, Title, and Online_Resource and date accessed.
#
#
# Online_Resource:
#
# Original_Source_URL:
#
# Description/Documentation lines begin with #
# Data lines have no #
#
# Archive: Tree Rings
#--------------------
# Contribution_Date
#	Date: 2016-05-04
#--------------------
# Title
#	Study_Name: PAGES2kv2_NAm-SOVLMR372 - from PAGES Phase 2 v1.9.0
#--------------------
# Investigators
#	Investigators: Bunn, A.G.
#--------------------
# Description_and_Notes
#	Description: Data from PAGES second data collation effort.
#--------------------
# Publication
#	Authors: Bunn, A.G.
#	Published_Date_or_Year: 
#	Published_Title: 
#	Journal_Name: 
#	Volume: 
#	Edition:
#	Issue:
#	Pages: 
#	DOI: 
#	Online_Resource:
#	Full_Citation:
#	Abstract:
#--------------------
# Funding_Agency
#	
#	Grant:
#--------------------
# Site_Information
#	Site_Name: Siberian Outpost View
#	Location: 
#	Country: 
#	Northernmost_Latitude: 36.5
#	Southernmost_Latitude: 36.5
#	Easternmost_Longitude: -118.3
#	Westernmost_Longitude: -118.3
#	Elevation: 
#--------------------
# Data_Collection
#	Collection_Name: PAGES2kv2_NAm-SOVLMR372
#	Earliest_Year: 494
#	Most_Recent_Year: 2001
#	Time_Unit: y_ad
#	Core_Length:
#	Notes: {"database":{"database1":"LMR","database2":"PAGES2"}}{"climateInterpretation":{"basis":"", "climateVariable":"T", "climateVariableDetail":"air", "interpDirection":"positive", "seasonality":""}}
#--------------------
# Species
#	Species_Name: 
#	Species_Code: 
#--------------------
# Chronology:
#
#
#
#--------------------
# Variables
#
# Data variables follow that are preceded by ## in columns one and two.
# Data line variables format:  Variables list, one per line, shortname-tab-longname-tab-longname components (9 components: what, material, error, units, seasonality, archive, detail, method, C or N for Character or Numeric data)
#
##age	age, , ,years AD, , , , ,N
##trsgi	tree ring standardized growth index, , , , , Tree Rings, , ,N
#
#--------------------
# Data:
# Data lines follow (have no #)
# Data line format - tab-delimited text, variable short name as header
# Missing Values: nan
#
age	trsgi
494	1.764
495	1.183
496	1.309
497	1.037
498	1.409
499	1.347
500	1.411
501	1.627
502	1.649
503	1.202
504	1.152
505	1.174
506	1.121
507	1.613
508	1.429
509	0.966
510	1.038
511	0.398
512	0.785
513	1.007
514	0.956
515	1.02
516	0.926
517	1.115
518	0.948
519	1.015
520	0.882
521	0.401
522	0.523
523	0.761
524	0.938
525	0.971
526	1.009
527	0.873
528	0.852
529	0.729
530	0.74
531	0.733
532	0.936
533	0.769
534	0.784
535	0.924
536	0.861
537	0.668
538	1.128
539	1.005
540	0.862
541	0.768
542	0.628
543	0.764
544	0.874
545	0.99
546	0.894
547	0.668
548	0.72
549	0.905
550	0.822
551	0.723
552	0.687
553	0.714
554	0.592
555	0.6
556	0.586
557	0.652
558	0.929
559	1.211
560	0.836
561	0.97
562	0.735
563	0.925
564	1.006
565	0.951
566	1.027
567	0.946
568	1.37
569	0.847
570	1.114
571	1.225
572	1.177
573	0.996
574	0.612
575	0.953
576	0.78
577	0.961
578	0.915
579	0.899
580	1.092
581	1.141
582	1.233
583	1.159
584	1.011
585	1.094
586	0.992
587	0.945
588	0.892
589	0.732
590	0.875
591	0.62
592	0.757
593	0.677
594	0.611
595	0.792
596	0.701
597	0.941
598	1.155
599	1.191
600	0.609
601	0.809
602	1.198
603	1.045
604	1.19
605	1.065
606	1.059
607	1.085
608	0.574
609	1.078
610	0.841
611	0.902
612	1.19
613	1.129
614	1.068
615	0.815
616	0.904
617	0.735
618	1.186
619	1.198
620	0.788
621	1.053
622	0.843
623	0.894
624	0.898
625	0.957
626	0.756
627	0.551
628	1.036
629	1.194
630	0.892
631	0.996
632	0.846
633	1.068
634	0.92
635	1.156
636	1.036
637	1.161
638	1.205
639	1.092
640	0.846
641	1.3
642	1.454
643	1.105
644	0.855
645	0.762
646	1.143
647	1.115
648	1.128
649	1.458
650	1.904
651	1.078
652	1.566
653	0.865
654	1.128
655	1.015
656	1.447
657	1.206
658	0.908
659	0.708
660	0.734
661	0.806
662	1.085
663	1.13
664	0.865
665	1.035
666	1.029
667	1.147
668	0.786
669	1.034
670	0.926
671	1.158
672	1.397
673	1.316
674	1.419
675	1.242
676	1.041
677	0.766
678	1.059
679	1.221
680	1.198
681	0.812
682	0.799
683	0.932
684	0.855
685	0.968
686	0.945
687	0.743
688	0.513
689	0.764
690	0.558
691	0.666
692	0.567
693	0.557
694	0.577
695	0.681
696	0.742
697	0.633
698	0.867
699	0.736
700	1.106
701	1.121
702	0.908
703	0.97
704	1.172
705	1.268
706	1.523
707	1.111
708	1.246
709	1.156
710	1.409
711	1.377
712	1.401
713	1.775
714	1.85
715	1.463
716	1.536
717	1.425
718	1.356
719	1.231
720	0.908
721	1.282
722	1.076
723	1.325
724	1.495
725	1.541
726	1.441
727	1.481
728	1.243
729	0.957
730	0.934
731	1.3
732	1.204
733	0.881
734	0.939
735	1.594
736	1.2
737	1.0
738	1.353
739	1.161
740	0.901
741	1.058
742	1.183
743	0.827
744	1.009
745	0.829
746	1.004
747	1.072
748	1.13
749	1.126
750	1.278
751	1.06
752	1.127
753	1.368
754	1.365
755	1.342
756	1.574
757	1.347
758	1.293
759	1.515
760	1.149
761	1.058
762	1.268
763	1.322
764	1.515
765	1.483
766	1.14
767	1.618
768	1.244
769	1.394
770	0.968
771	1.223
772	1.367
773	0.965
774	1.392
775	1.122
776	1.071
777	0.863
778	1.235
779	1.077
780	0.986
781	1.062
782	1.08
783	0.932
784	1.107
785	1.179
786	1.063
787	0.976
788	0.736
789	1.056
790	0.824
791	1.18
792	1.227
793	1.06
794	1.147
795	1.128
796	0.868
797	0.836
798	0.941
799	0.975
800	1.011
801	0.708
802	0.911
803	1.093
804	0.926
805	1.147
806	1.093
807	0.836
808	0.968
809	0.784
810	0.837
811	0.922
812	1.102
813	1.036
814	1.019
815	1.046
816	1.089
817	0.881
818	0.894
819	0.858
820	0.97
821	1.432
822	1.307
823	0.729
824	0.852
825	1.048
826	1.163
827	1.02
828	1.048
829	1.175
830	0.962
831	0.834
832	0.913
833	1.339
834	0.961
835	0.923
836	1.271
837	1.062
838	1.052
839	0.669
840	0.825
841	0.997
842	1.332
843	1.23
844	1.063
845	1.123
846	1.247
847	1.15
848	1.269
849	1.117
850	1.357
851	1.221
852	1.151
853	1.415
854	1.145
855	1.007
856	1.625
857	1.373
858	1.48
859	1.503
860	1.234
861	1.418
862	1.508
863	1.499
864	1.498
865	1.057
866	1.134
867	0.91
868	0.818
869	0.804
870	0.984
871	0.904
872	1.237
873	1.083
874	1.016
875	1.422
876	1.346
877	1.097
878	1.388
879	1.297
880	0.926
881	0.799
882	1.119
883	1.118
884	1.011
885	1.309
886	0.95
887	1.36
888	1.188
889	1.08
890	1.14
891	1.435
892	1.322
893	1.166
894	1.579
895	1.063
896	1.182
897	1.035
898	1.194
899	0.896
900	0.859
901	0.955
902	0.732
903	0.65
904	1.031
905	0.989
906	0.843
907	0.867
908	0.888
909	1.122
910	0.998
911	1.115
912	0.985
913	0.732
914	0.917
915	1.146
916	0.901
917	0.893
918	1.01
919	0.791
920	0.812
921	1.074
922	1.002
923	0.941
924	0.758
925	1.105
926	1.257
927	1.095
928	0.765
929	1.006
930	0.92
931	0.761
932	0.679
933	0.907
934	0.838
935	0.776
936	0.922
937	1.011
938	0.968
939	0.818
940	0.924
941	1.109
942	1.056
943	1.009
944	0.918
945	0.863
946	0.985
947	1.185
948	1.24
949	1.202
950	1.032
951	1.004
952	0.719
953	1.069
954	0.741
955	0.821
956	0.982
957	0.442
958	0.629
959	1.083
960	1.193
961	1.049
962	1.047
963	1.36
964	1.149
965	0.901
966	1.16
967	1.068
968	1.014
969	0.551
970	0.89
971	0.791
972	0.741
973	0.657
974	0.7
975	0.565
976	0.572
977	0.77
978	0.779
979	0.611
980	0.627
981	0.655
982	0.791
983	0.503
984	0.517
985	0.832
986	0.7
987	0.708
988	0.663
989	0.813
990	0.822
991	0.955
992	0.829
993	1.131
994	1.058
995	0.872
996	0.605
997	0.913
998	1.178
999	1.173
1000	1.097
1001	0.778
1002	1.031
1003	0.824
1004	1.094
1005	0.64
1006	0.765
1007	1.431
1008	0.95
1009	0.94
1010	0.987
1011	1.04
1012	0.95
1013	0.857
1014	0.834
1015	1.144
1016	1.25
1017	1.239
1018	1.277
1019	1.098
1020	1.105
1021	1.046
1022	0.927
1023	1.186
1024	1.213
1025	0.859
1026	1.015
1027	1.02
1028	1.039
1029	0.996
1030	1.002
1031	1.043
1032	1.104
1033	0.842
1034	0.887
1035	1.011
1036	0.968
1037	1.013
1038	1.195
1039	0.876
1040	0.687
1041	1.093
1042	1.083
1043	0.729
1044	1.141
1045	1.084
1046	0.799
1047	0.764
1048	0.914
1049	0.786
1050	0.901
1051	1.078
1052	0.9
1053	0.82
1054	0.833
1055	0.784
1056	1.0
1057	1.248
1058	1.189
1059	0.961
1060	0.748
1061	1.268
1062	0.926
1063	0.937
1064	1.066
1065	1.272
1066	0.952
1067	1.034
1068	0.798
1069	0.885
1070	0.61
1071	0.838
1072	0.964
1073	0.746
1074	0.784
1075	1.024
1076	0.998
1077	1.18
1078	0.593
1079	1.091
1080	0.941
1081	1.134
1082	0.993
1083	0.782
1084	1.205
1085	1.118
1086	1.036
1087	1.083
1088	1.085
1089	0.841
1090	0.87
1091	0.933
1092	0.978
1093	0.583
1094	1.082
1095	1.085
1096	0.976
1097	0.921
1098	0.633
1099	0.993
1100	1.19
1101	1.099
1102	1.006
1103	1.062
1104	0.98
1105	0.983
1106	1.163
1107	0.767
1108	0.926
1109	0.941
1110	0.884
1111	1.132
1112	1.026
1113	1.007
1114	0.634
1115	0.889
1116	0.746
1117	0.803
1118	0.806
1119	0.874
1120	0.926
1121	0.626
1122	1.017
1123	0.796
1124	0.838
1125	0.893
1126	0.664
1127	0.628
1128	0.757
1129	0.867
1130	0.549
1131	0.731
1132	0.67
1133	0.492
1134	0.601
1135	0.749
1136	0.924
1137	0.969
1138	0.892
1139	1.072
1140	1.053
1141	1.059
1142	1.082
1143	0.986
1144	1.186
1145	0.807
1146	0.789
1147	1.234
1148	0.831
1149	0.861
1150	1.054
1151	0.725
1152	0.985
1153	0.904
1154	0.909
1155	1.003
1156	1.011
1157	1.047
1158	1.122
1159	1.256
1160	1.417
1161	1.204
1162	0.968
1163	1.278
1164	1.052
1165	1.339
1166	1.06
1167	1.094
1168	0.982
1169	1.049
1170	0.795
1171	0.866
1172	0.778
1173	0.764
1174	0.849
1175	1.023
1176	1.186
1177	0.834
1178	1.119
1179	1.26
1180	0.979
1181	1.212
1182	1.416
1183	1.059
1184	1.159
1185	0.887
1186	1.076
1187	0.972
1188	1.114
1189	1.255
1190	1.26
1191	1.004
1192	1.131
1193	1.406
1194	1.278
1195	1.387
1196	0.999
1197	1.242
1198	1.236
1199	1.288
1200	0.936
1201	0.988
1202	1.083
1203	1.217
1204	0.901
1205	1.165
1206	0.673
1207	0.83
1208	0.916
1209	1.04
1210	0.956
1211	1.083
1212	1.241
1213	1.042
1214	1.15
1215	0.907
1216	1.08
1217	0.733
1218	0.706
1219	0.969
1220	1.116
1221	0.702
1222	0.945
1223	1.11
1224	1.194
1225	1.028
1226	0.779
1227	0.539
1228	0.711
1229	0.993
1230	0.364
1231	0.856
1232	0.928
1233	0.845
1234	0.601
1235	0.541
1236	0.51
1237	0.64
1238	0.72
1239	0.732
1240	0.795
1241	0.68
1242	0.749
1243	0.52
1244	0.438
1245	0.634
1246	0.707
1247	0.619
1248	0.84
1249	0.728
1250	0.298
1251	0.709
1252	0.375
1253	0.627
1254	0.388
1255	0.519
1256	0.973
1257	0.858
1258	0.511
1259	0.786
1260	0.921
1261	1.017
1262	1.085
1263	0.661
1264	0.57
1265	0.728
1266	0.735
1267	0.84
1268	0.759
1269	0.658
1270	0.644
1271	0.637
1272	0.885
1273	0.581
1274	0.763
1275	0.804
1276	0.656
1277	0.867
1278	1.231
1279	0.9
1280	0.757
1281	0.656
1282	0.988
1283	1.153
1284	0.751
1285	0.79
1286	0.919
1287	0.825
1288	0.729
1289	0.979
1290	1.031
1291	1.112
1292	0.613
1293	0.59
1294	0.91
1295	0.848
1296	0.637
1297	0.569
1298	0.998
1299	1.043
1300	0.862
1301	1.3
1302	0.995
1303	1.082
1304	1.11
1305	1.227
1306	1.065
1307	0.901
1308	0.984
1309	0.629
1310	1.08
1311	1.141
1312	1.179
1313	1.348
1314	1.28
1315	0.87
1316	0.866
1317	1.06
1318	1.151
1319	1.243
1320	1.14
1321	1.081
1322	1.198
1323	0.967
1324	0.894
1325	0.972
1326	0.972
1327	1.294
1328	1.21
1329	0.768
1330	1.213
1331	0.736
1332	1.143
1333	1.566
1334	1.128
1335	0.822
1336	0.685
1337	0.964
1338	0.631
1339	0.62
1340	0.817
1341	0.738
1342	0.901
1343	0.7
1344	0.814
1345	0.841
1346	0.868
1347	0.9
1348	0.695
1349	0.592
1350	0.785
1351	0.805
1352	0.86
1353	0.889
1354	0.805
1355	0.841
1356	0.95
1357	1.019
1358	0.716
1359	1.091
1360	1.032
1361	0.608
1362	0.732
1363	0.982
1364	0.571
1365	0.727
1366	0.896
1367	0.962
1368	1.304
1369	1.083
1370	1.075
1371	0.983
1372	1.155
1373	1.027
1374	1.244
1375	0.966
1376	1.19
1377	1.09
1378	1.27
1379	0.859
1380	0.985
1381	1.354
1382	1.257
1383	1.353
1384	0.896
1385	1.381
1386	0.971
1387	0.999
1388	1.288
1389	1.062
1390	0.637
1391	0.676
1392	0.638
1393	0.601
1394	0.755
1395	0.817
1396	0.446
1397	0.935
1398	0.802
1399	0.774
1400	1.039
1401	1.062
1402	1.136
1403	1.098
1404	1.02
1405	0.991
1406	1.31
1407	1.021
1408	1.127
1409	1.213
1410	0.981
1411	1.247
1412	1.278
1413	0.946
1414	0.901
1415	1.173
1416	1.198
1417	1.196
1418	1.102
1419	1.13
1420	1.048
1421	1.028
1422	0.991
1423	1.057
1424	1.241
1425	1.077
1426	1.003
1427	1.031
1428	1.074
1429	1.087
1430	0.943
1431	0.939
1432	1.116
1433	0.983
1434	0.898
1435	1.184
1436	1.258
1437	1.23
1438	0.941
1439	0.877
1440	1.219
1441	1.061
1442	0.979
1443	1.045
1444	0.912
1445	0.829
1446	0.948
1447	1.377
1448	0.753
1449	1.115
1450	1.013
1451	0.947
1452	1.159
1453	1.001
1454	0.888
1455	1.017
1456	0.89
1457	0.822
1458	0.824
1459	0.768
1460	0.609
1461	0.761
1462	0.721
1463	1.026
1464	0.839
1465	0.892
1466	0.772
1467	0.932
1468	0.682
1469	0.852
1470	0.899
1471	0.652
1472	0.639
1473	0.586
1474	0.703
1475	0.652
1476	0.921
1477	1.049
1478	1.159
1479	0.833
1480	0.498
1481	0.966
1482	0.92
1483	0.877
1484	1.068
1485	1.306
1486	1.028
1487	0.845
1488	0.733
1489	0.889
1490	1.014
1491	0.819
1492	0.677
1493	0.774
1494	1.048
1495	0.953
1496	0.69
1497	0.801
1498	0.795
1499	0.903
1500	0.806
1501	0.981
1502	0.802
1503	1.199
1504	1.274
1505	0.602
1506	0.669
1507	0.96
1508	0.824
1509	0.857
1510	1.203
1511	0.942
1512	0.849
1513	0.99
1514	1.036
1515	0.939
1516	1.131
1517	1.165
1518	0.796
1519	1.072
1520	1.205
1521	0.687
1522	0.869
1523	0.824
1524	1.266
1525	1.306
1526	1.228
1527	1.332
1528	1.254
1529	1.042
1530	1.142
1531	1.116
1532	0.909
1533	0.986
1534	1.052
1535	1.583
1536	1.064
1537	1.167
1538	0.907
1539	1.368
1540	1.064
1541	0.759
1542	0.944
1543	0.873
1544	0.805
1545	0.962
1546	1.086
1547	0.934
1548	0.914
1549	1.023
1550	1.297
1551	0.91
1552	0.821
1553	1.286
1554	1.11
1555	1.049
1556	1.043
1557	1.155
1558	0.904
1559	1.222
1560	1.133
1561	0.952
1562	1.12
1563	1.143
1564	1.318
1565	1.376
1566	0.984
1567	1.295
1568	1.565
1569	1.189
1570	1.209
1571	0.664
1572	0.95
1573	0.819
1574	0.978
1575	1.002
1576	0.817
1577	0.92
1578	0.882
1579	0.738
1580	0.433
1581	1.065
1582	0.742
1583	1.147
1584	0.813
1585	0.565
1586	1.003
1587	1.083
1588	1.011
1589	1.113
1590	0.517
1591	0.909
1592	0.856
1593	1.208
1594	1.274
1595	1.009
1596	1.26
1597	0.922
1598	0.862
1599	0.907
1600	0.871
1601	0.814
1602	0.578
1603	1.158
1604	1.154
1605	0.913
1606	0.676
1607	0.669
1608	0.838
1609	0.732
1610	0.725
1611	0.828
1612	0.658
1613	0.509
1614	0.892
1615	0.607
1616	1.087
1617	1.009
1618	0.604
1619	0.99
1620	0.84
1621	0.903
1622	0.84
1623	1.036
1624	0.571
1625	0.823
1626	0.684
1627	1.009
1628	1.004
1629	0.833
1630	0.72
1631	0.687
1632	0.617
1633	0.658
1634	0.87
1635	0.896
1636	0.72
1637	1.027
1638	0.885
1639	0.749
1640	1.131
1641	0.726
1642	0.802
1643	0.908
1644	0.916
1645	0.707
1646	0.742
1647	0.406
1648	0.776
1649	0.858
1650	0.753
1651	1.1
1652	0.887
1653	0.684
1654	0.706
1655	0.612
1656	0.957
1657	1.152
1658	0.934
1659	1.034
1660	1.213
1661	1.352
1662	1.16
1663	0.701
1664	1.235
1665	1.173
1666	0.836
1667	0.758
1668	0.763
1669	0.691
1670	0.758
1671	1.039
1672	1.087
1673	1.182
1674	1.152
1675	1.017
1676	0.8
1677	0.741
1678	0.946
1679	1.121
1680	0.964
1681	0.643
1682	1.185
1683	1.196
1684	1.062
1685	1.05
1686	0.875
1687	0.916
1688	1.036
1689	1.136
1690	0.644
1691	0.92
1692	1.014
1693	0.968
1694	0.929
1695	0.948
1696	0.784
1697	1.134
1698	1.244
1699	0.851
1700	0.964
1701	0.934
1702	1.062
1703	0.85
1704	0.822
1705	0.613
1706	0.818
1707	0.582
1708	0.665
1709	1.151
1710	0.626
1711	0.883
1712	0.864
1713	0.907
1714	0.913
1715	0.922
1716	0.904
1717	1.244
1718	1.266
1719	1.065
1720	1.185
1721	1.015
1722	1.072
1723	0.974
1724	1.357
1725	1.398
1726	1.137
1727	1.234
1728	1.143
1729	0.957
1730	0.994
1731	0.977
1732	1.309
1733	0.894
1734	1.173
1735	0.738
1736	0.944
1737	0.997
1738	0.837
1739	0.77
1740	0.767
1741	1.182
1742	0.926
1743	1.093
1744	1.029
1745	1.136
1746	1.058
1747	1.308
1748	0.976
1749	0.798
1750	0.941
1751	1.27
1752	0.869
1753	0.678
1754	0.953
1755	0.687
1756	0.686
1757	1.066
1758	0.996
1759	0.791
1760	1.071
1761	0.892
1762	0.92
1763	0.987
1764	0.691
1765	0.797
1766	0.714
1767	0.832
1768	0.952
1769	1.037
1770	0.613
1771	0.906
1772	0.959
1773	0.896
1774	1.024
1775	0.957
1776	0.783
1777	0.672
1778	0.902
1779	1.165
1780	0.912
1781	1.157
1782	0.919
1783	0.99
1784	1.089
1785	1.316
1786	1.323
1787	0.962
1788	0.844
1789	1.075
1790	0.961
1791	1.183
1792	1.342
1793	0.96
1794	0.977
1795	1.054
1796	1.073
1797	1.049
1798	1.457
1799	1.391
1800	0.932
1801	1.202
1802	1.121
1803	1.04
1804	0.933
1805	0.825
1806	0.904
1807	0.858
1808	1.121
1809	0.925
1810	0.678
1811	0.71
1812	0.528
1813	0.814
1814	0.639
1815	0.788
1816	0.569
1817	0.928
1818	0.664
1819	0.671
1820	0.627
1821	0.646
1822	0.579
1823	0.589
1824	0.642
1825	0.726
1826	1.015
1827	1.122
1828	0.777
1829	0.641
1830	0.648
1831	0.81
1832	1.172
1833	0.964
1834	0.838
1835	0.532
1836	0.536
1837	0.582
1838	0.713
1839	0.892
1840	0.816
1841	0.608
1842	0.498
1843	0.653
1844	0.611
1845	0.642
1846	0.884
1847	0.692
1848	1.309
1849	0.955
1850	0.886
1851	0.739
1852	1.024
1853	1.049
1854	1.109
1855	1.176
1856	0.615
1857	0.825
1858	1.033
1859	1.154
1860	1.233
1861	1.21
1862	1.308
1863	0.855
1864	0.998
1865	0.807
1866	1.368
1867	1.378
1868	1.216
1869	1.222
1870	1.317
1871	1.526
1872	1.507
1873	1.278
1874	1.328
1875	0.911
1876	1.337
1877	1.15
1878	1.092
1879	0.997
1880	1.088
1881	1.103
1882	1.187
1883	1.187
1884	1.104
1885	1.008
1886	1.367
1887	1.112
1888	1.182
1889	1.163
1890	0.964
1891	1.116
1892	1.139
1893	1.016
1894	0.798
1895	1.188
1896	1.182
1897	1.268
1898	1.107
1899	0.959
1900	1.221
1901	1.346
1902	1.196
1903	1.199
1904	1.106
1905	1.321
1906	1.1
1907	1.336
1908	1.145
1909	1.451
1910	1.074
1911	1.555
1912	1.012
1913	0.68
1914	1.098
1915	1.296
1916	1.055
1917	1.163
1918	1.272
1919	1.297
1920	1.258
1921	1.079
1922	1.419
1923	1.032
1924	0.997
1925	0.933
1926	0.994
1927	0.986
1928	1.158
1929	0.863
1930	1.137
1931	1.192
1932	1.378
1933	1.665
1934	1.376
1935	1.432
1936	1.45
1937	1.746
1938	1.449
1939	1.061
1940	1.498
1941	0.993
1942	1.141
1943	1.135
1944	0.852
1945	1.097
1946	1.288
1947	1.092
1948	0.908
1949	0.707
1950	1.055
1951	1.157
1952	0.829
1953	1.224
1954	1.107
1955	1.323
1956	1.304
1957	1.318
1958	1.361
1959	1.249
1960	1.088
1961	1.069
1962	1.387
1963	1.504
1964	1.404
1965	1.267
1966	1.077
1967	1.369
1968	1.692
1969	2.071
1970	1.472
1971	1.241
1972	0.998
1973	1.276
1974	1.418
1975	1.463
1976	1.16
1977	1.547
1978	1.355
1979	1.156
1980	1.804
1981	1.29
1982	1.217
1983	1.312
1984	1.303
1985	1.312
1986	1.28
1987	0.79
1988	1.216
1989	0.975
1990	1.208
1991	0.98
1992	0.847
1993	1.112
1994	0.761
1995	1.077
1996	1.228
1997	1.047
1998	1.359
1999	1.063
2000	0.817
2001	1.058