# PAGES2kv2_Asia-SODAPSLMR264 - from PAGES Phase 2 v1.9.0
#-----------------------------------------------------------------------
#		World Data Center for Paleoclimatology, Boulder
#				and
#		NOAA Paleoclimatology Program
#-----------------------------------------------------------------------
# NOTE: Please cite Publication, and Online_Resource and date accessed when using these data.
# If there is no publication information, please cite Investigators, Title, and Online_Resource and date accessed.
#
#
# Online_Resource:
#
# Original_Source_URL:
#
# Description/Documentation lines begin with #
# Data lines have no #
#
# Archive: Tree Rings
#--------------------
# Contribution_Date
#	Date: 2016-05-04
#--------------------
# Title
#	Study_Name: PAGES2kv2_Asia-SODAPSLMR264 - from PAGES Phase 2 v1.9.0
#--------------------
# Investigators
#	Investigators: 
#--------------------
# Description_and_Notes
#	Description: Data from PAGES second data collation effort.
#--------------------
# Publication
#	Authors: 
#	Published_Date_or_Year: 
#	Published_Title: 
#	Journal_Name: 
#	Volume: 
#	Edition:
#	Issue:
#	Pages: 
#	DOI: 
#	Online_Resource:
#	Full_Citation:
#	Abstract:
#--------------------
# Funding_Agency
#	
#	Grant:
#--------------------
# Site_Information
#	Site_Name: 
#	Location: 
#	Country: 
#	Northernmost_Latitude: 48.3
#	Southernmost_Latitude: 48.3
#	Easternmost_Longitude: 98.93
#	Westernmost_Longitude: 98.93
#	Elevation: 
#--------------------
# Data_Collection
#	Collection_Name: PAGES2kv2_Asia-SODAPSLMR264
#	Earliest_Year: 46
#	Most_Recent_Year: 1999
#	Time_Unit: y_ad
#	Core_Length:
#	Notes: {"duplicate":"asia_mong003B.txt"}  {"database":"PAGES2"}{"climateInterpretation":{"basis":"", "climateVariable":"T", "climateVariableDetail":"", "interpDirection":"positive", "seasonality":""}}
#--------------------
# Species
#	Species_Name: 
#	Species_Code: 
#--------------------
# Chronology:
#
#
#
#--------------------
# Variables
#
# Data variables follow that are preceded by ## in columns one and two.
# Data line variables format:  Variables list, one per line, shortname-tab-longname-tab-longname components (9 components: what, material, error, units, seasonality, archive, detail, method, C or N for Character or Numeric data)
#
##age	age, , ,years AD, , , , ,N
##trsgi	tree ring standardized growth index, , , , , Tree Rings, , ,N
#
#--------------------
# Data:
# Data lines follow (have no #)
# Data line format - tab-delimited text, variable short name as header
# Missing Values: nan
#
age	trsgi
46	0.828
47	0.862
48	0.666
49	1.185
50	0.903
51	1.21
52	1.446
53	1.528
54	1.921
55	1.357
56	1.445
57	1.416
58	1.258
59	1.053
60	1.239
61	1.17
62	1.112
63	0.95
64	1.402
65	1.199
66	0.509
67	0.761
68	0.663
69	0.76
70	0.823
71	1.01
72	0.943
73	0.82
74	0.92
75	0.848
76	1.018
77	1.273
78	0.831
79	1.411
80	1.405
81	0.731
82	1.15
83	1.039
84	0.951
85	0.937
86	1.146
87	1.142
88	1.024
89	0.895
90	0.875
91	0.975
92	1.207
93	1.33
94	1.018
95	0.467
96	0.717
97	0.802
98	0.785
99	0.589
100	0.547
101	0.824
102	0.515
103	0.637
104	0.621
105	0.786
106	0.641
107	0.577
108	0.783
109	0.777
110	0.74
111	1.079
112	0.843
113	0.71
114	0.845
115	0.574
116	1.025
117	1.046
118	0.998
119	1.048
120	1.016
121	0.887
122	1.284
123	1.029
124	0.613
125	0.828
126	1.037
127	0.599
128	0.62
129	0.748
130	0.618
131	0.804
132	0.732
133	0.879
134	1.164
135	0.935
136	1.089
137	0.813
138	0.596
139	1.105
140	1.413
141	1.039
142	0.934
143	1.118
144	1.113
145	1.028
146	1.0
147	1.018
148	0.937
149	1.114
150	1.077
151	1.147
152	1.111
153	1.062
154	1.095
155	1.119
156	1.045
157	1.134
158	1.049
159	1.276
160	1.159
161	1.227
162	1.156
163	1.206
164	1.164
165	1.001
166	0.914
167	0.861
168	0.974
169	0.918
170	1.079
171	1.116
172	1.108
173	1.183
174	1.003
175	1.119
176	1.084
177	1.204
178	1.143
179	1.303
180	0.994
181	0.946
182	0.908
183	0.665
184	0.819
185	0.782
186	0.926
187	0.9
188	0.985
189	0.83
190	1.048
191	1.077
192	1.139
193	1.132
194	1.254
195	1.304
196	1.296
197	0.96
198	0.735
199	0.828
200	0.993
201	0.99
202	1.126
203	1.077
204	0.988
205	1.028
206	1.133
207	1.075
208	0.874
209	1.026
210	1.024
211	1.214
212	1.049
213	1.14
214	1.117
215	1.005
216	0.961
217	0.922
218	0.723
219	0.795
220	0.826
221	0.89
222	0.962
223	0.743
224	0.94
225	0.727
226	0.872
227	1.011
228	0.965
229	0.889
230	0.913
231	0.722
232	0.663
233	0.904
234	0.694
235	0.728
236	0.968
237	1.07
238	0.864
239	1.133
240	0.63
241	1.04
242	1.149
243	1.338
244	1.229
245	1.215
246	1.061
247	1.209
248	1.19
249	1.085
250	1.271
251	1.173
252	1.076
253	1.205
254	1.062
255	0.999
256	1.102
257	1.034
258	1.0
259	1.17
260	1.09
261	1.17
262	1.103
263	0.975
264	1.025
265	0.958
266	1.002
267	1.141
268	1.037
269	0.995
270	1.004
271	0.894
272	0.944
273	1.022
274	0.93
275	0.913
276	0.849
277	0.897
278	0.921
279	1.131
280	1.025
281	0.864
282	1.288
283	1.022
284	0.878
285	1.133
286	1.071
287	0.812
288	1.195
289	0.934
290	1.033
291	1.078
292	1.096
293	0.926
294	0.841
295	1.195
296	0.967
297	0.825
298	0.879
299	0.999
300	0.903
301	1.084
302	0.878
303	0.953
304	0.998
305	1.025
306	1.063
307	1.207
308	0.911
309	0.948
310	1.23
311	1.047
312	1.029
313	0.873
314	1.171
315	1.024
316	1.01
317	1.177
318	1.252
319	1.012
320	0.923
321	1.247
322	0.965
323	1.138
324	1.1
325	0.973
326	0.999
327	1.125
328	0.926
329	1.199
330	1.117
331	0.99
332	1.256
333	1.081
334	0.929
335	0.968
336	0.999
337	0.822
338	1.08
339	1.045
340	0.921
341	1.038
342	0.797
343	1.029
344	0.928
345	1.229
346	1.013
347	0.755
348	0.998
349	1.031
350	0.737
351	0.988
352	0.905
353	0.665
354	1.192
355	0.944
356	0.841
357	0.959
358	0.872
359	0.827
360	0.754
361	0.974
362	0.774
363	0.853
364	0.728
365	0.737
366	0.585
367	0.81
368	0.642
369	0.707
370	0.647
371	0.58
372	0.617
373	0.648
374	0.725
375	0.713
376	0.681
377	0.879
378	0.535
379	0.775
380	0.829
381	0.897
382	0.772
383	0.75
384	0.848
385	0.83
386	0.947
387	0.897
388	0.924
389	0.915
390	0.933
391	0.987
392	0.74
393	1.118
394	0.962
395	1.04
396	1.092
397	0.964
398	1.106
399	1.077
400	1.037
401	0.993
402	1.213
403	1.041
404	0.99
405	0.969
406	1.126
407	1.018
408	1.044
409	0.98
410	0.928
411	1.09
412	0.938
413	0.958
414	1.068
415	1.362
416	1.123
417	1.28
418	1.036
419	1.464
420	1.204
421	1.345
422	1.101
423	1.368
424	1.241
425	1.314
426	1.267
427	1.2
428	1.433
429	1.16
430	1.311
431	1.327
432	1.095
433	1.06
434	1.359
435	1.117
436	1.137
437	1.3
438	1.0
439	0.849
440	1.084
441	1.18
442	1.053
443	1.092
444	1.244
445	1.277
446	1.221
447	1.049
448	0.994
449	0.682
450	0.946
451	1.159
452	1.062
453	1.066
454	1.144
455	1.096
456	1.121
457	1.041
458	0.95
459	1.091
460	0.898
461	1.151
462	0.86
463	0.975
464	0.881
465	0.891
466	1.22
467	1.007
468	1.221
469	0.892
470	0.807
471	0.996
472	0.916
473	0.688
474	0.833
475	0.94
476	0.969
477	1.039
478	0.961
479	0.856
480	0.928
481	0.891
482	0.863
483	0.895
484	0.925
485	0.993
486	0.828
487	0.813
488	0.722
489	0.651
490	0.851
491	0.798
492	0.844
493	0.839
494	0.803
495	0.838
496	0.992
497	0.925
498	0.983
499	0.962
500	0.737
501	0.954
502	0.991
503	1.028
504	1.016
505	1.378
506	1.238
507	1.371
508	1.218
509	1.28
510	1.059
511	1.211
512	1.117
513	1.155
514	1.129
515	1.144
516	1.221
517	1.198
518	1.258
519	1.077
520	1.008
521	1.155
522	1.108
523	1.102
524	1.266
525	1.286
526	1.372
527	1.237
528	1.13
529	1.078
530	1.156
531	0.871
532	1.334
533	1.094
534	1.151
535	1.287
536	0.747
537	0.801
538	1.295
539	0.851
540	0.752
541	0.739
542	0.647
543	0.437
544	0.557
545	0.541
546	0.534
547	0.695
548	0.671
549	0.715
550	0.495
551	0.594
552	0.514
553	0.622
554	0.764
555	0.784
556	0.856
557	0.845
558	0.844
559	0.82
560	0.762
561	0.762
562	0.798
563	0.919
564	1.088
565	1.154
566	1.237
567	1.261
568	1.196
569	1.35
570	1.199
571	1.224
572	1.216
573	1.444
574	1.298
575	0.94
576	0.894
577	1.011
578	0.879
579	0.776
580	0.638
581	0.853
582	0.966
583	1.014
584	1.102
585	1.2
586	1.184
587	0.886
588	1.096
589	1.049
590	1.131
591	1.057
592	1.23
593	1.287
594	1.151
595	1.248
596	1.204
597	1.15
598	1.388
599	0.936
600	1.203
601	1.14
602	1.325
603	1.371
604	1.415
605	1.048
606	1.147
607	1.24
608	1.032
609	1.187
610	1.362
611	1.561
612	1.547
613	1.337
614	1.309
615	1.079
616	1.038
617	0.961
618	1.183
619	1.028
620	1.448
621	1.221
622	1.168
623	1.445
624	1.314
625	1.452
626	1.465
627	1.527
628	1.109
629	1.367
630	1.141
631	1.096
632	0.922
633	0.99
634	0.932
635	1.135
636	1.193
637	0.765
638	1.223
639	1.465
640	1.587
641	1.277
642	1.131
643	1.215
644	1.222
645	1.356
646	0.967
647	0.956
648	1.112
649	1.375
650	1.376
651	1.165
652	1.334
653	1.111
654	1.188
655	1.139
656	1.348
657	1.461
658	1.053
659	1.418
660	1.065
661	1.269
662	1.019
663	1.243
664	0.991
665	0.817
666	0.735
667	1.16
668	0.9
669	1.191
670	1.175
671	1.245
672	1.136
673	1.159
674	1.098
675	1.24
676	0.754
677	1.021
678	0.812
679	1.132
680	1.027
681	1.084
682	0.919
683	0.878
684	0.888
685	0.883
686	0.828
687	0.771
688	0.908
689	0.923
690	0.636
691	0.738
692	0.831
693	0.656
694	0.717
695	0.664
696	0.847
697	0.734
698	0.987
699	0.814
700	0.785
701	0.781
702	0.802
703	0.694
704	1.151
705	1.078
706	0.722
707	0.785
708	1.2
709	0.821
710	1.068
711	0.985
712	0.921
713	0.88
714	0.815
715	0.672
716	0.461
717	0.661
718	0.556
719	0.671
720	0.687
721	0.657
722	0.722
723	0.714
724	0.782
725	0.72
726	0.592
727	0.904
728	0.789
729	0.962
730	0.859
731	0.87
732	0.883
733	0.853
734	0.576
735	0.781
736	0.664
737	0.714
738	0.742
739	0.732
740	0.825
741	0.793
742	0.632
743	0.627
744	0.832
745	0.768
746	0.811
747	0.714
748	0.839
749	0.785
750	0.758
751	0.679
752	0.656
753	0.852
754	0.674
755	0.72
756	0.857
757	0.802
758	0.9
759	0.952
760	0.882
761	0.907
762	1.127
763	1.095
764	1.063
765	0.99
766	0.917
767	1.085
768	1.182
769	0.965
770	1.134
771	1.166
772	0.872
773	0.86
774	0.875
775	1.068
776	0.956
777	1.214
778	0.95
779	0.914
780	0.991
781	0.998
782	1.056
783	1.005
784	1.051
785	1.008
786	0.968
787	1.014
788	1.16
789	1.191
790	1.156
791	1.143
792	0.954
793	1.152
794	1.205
795	1.12
796	1.293
797	1.292
798	1.388
799	1.055
800	1.131
801	1.204
802	1.219
803	1.346
804	1.297
805	0.79
806	1.182
807	1.004
808	0.896
809	0.715
810	0.801
811	1.044
812	0.885
813	1.008
814	1.154
815	1.279
816	1.528
817	1.062
818	1.278
819	1.095
820	1.146
821	0.78
822	0.662
823	0.8
824	0.616
825	0.631
826	0.722
827	0.684
828	0.645
829	0.72
830	0.824
831	0.896
832	0.922
833	0.872
834	0.91
835	0.88
836	0.711
837	1.018
838	1.077
839	1.183
840	1.17
841	1.238
842	1.039
843	1.173
844	1.29
845	1.308
846	1.022
847	1.063
848	1.149
849	0.984
850	1.185
851	1.14
852	0.786
853	0.946
854	0.769
855	0.763
856	0.488
857	0.505
858	0.419
859	0.384
860	0.324
861	0.332
862	0.383
863	0.464
864	0.517
865	0.511
866	0.608
867	0.627
868	0.613
869	0.754
870	0.779
871	0.789
872	1.094
873	1.093
874	0.913
875	1.031
876	1.065
877	1.064
878	1.176
879	1.207
880	1.357
881	1.26
882	1.363
883	1.243
884	1.2
885	1.213
886	1.416
887	1.422
888	1.294
889	1.489
890	1.342
891	1.119
892	1.188
893	1.15
894	1.188
895	1.153
896	0.716
897	1.081
898	1.021
899	0.991
900	1.013
901	1.087
902	1.169
903	1.055
904	1.183
905	1.165
906	1.054
907	0.968
908	0.924
909	1.109
910	1.023
911	1.029
912	1.179
913	1.153
914	1.071
915	1.047
916	1.069
917	0.965
918	1.347
919	1.136
920	1.211
921	1.24
922	1.39
923	1.061
924	1.161
925	1.142
926	1.373
927	1.291
928	1.095
929	1.416
930	1.349
931	1.309
932	1.543
933	1.388
934	1.284
935	0.883
936	1.291
937	1.134
938	1.359
939	1.544
940	1.242
941	1.293
942	1.191
943	1.124
944	0.778
945	0.789
946	0.934
947	0.913
948	0.82
949	0.73
950	0.835
951	0.837
952	1.062
953	0.815
954	0.965
955	0.91
956	0.91
957	0.966
958	0.837
959	0.835
960	0.88
961	0.908
962	1.012
963	0.985
964	1.059
965	1.045
966	1.042
967	1.156
968	0.996
969	1.19
970	1.221
971	1.079
972	1.395
973	1.223
974	1.332
975	1.065
976	0.975
977	1.102
978	1.171
979	1.233
980	1.082
981	0.96
982	1.152
983	1.185
984	1.19
985	1.326
986	1.02
987	1.088
988	1.117
989	1.082
990	1.121
991	0.783
992	0.981
993	0.939
994	1.08
995	1.07
996	1.252
997	1.256
998	0.966
999	1.146
1000	0.92
1001	1.123
1002	0.969
1003	0.914
1004	0.918
1005	1.042
1006	0.923
1007	0.993
1008	1.066
1009	0.812
1010	0.863
1011	0.721
1012	0.979
1013	0.952
1014	0.894
1015	1.046
1016	1.057
1017	0.96
1018	1.036
1019	1.081
1020	0.937
1021	0.731
1022	1.065
1023	0.956
1024	0.846
1025	1.02
1026	0.839
1027	1.053
1028	0.932
1029	0.87
1030	1.015
1031	0.719
1032	0.603
1033	0.647
1034	0.587
1035	0.61
1036	0.737
1037	0.745
1038	0.77
1039	0.756
1040	0.812
1041	0.879
1042	0.884
1043	0.972
1044	0.862
1045	0.882
1046	1.031
1047	0.892
1048	0.911
1049	1.287
1050	1.078
1051	1.06
1052	1.282
1053	1.151
1054	0.903
1055	0.883
1056	0.824
1057	0.823
1058	0.781
1059	0.803
1060	0.597
1061	0.614
1062	0.821
1063	0.886
1064	0.911
1065	0.871
1066	1.015
1067	0.911
1068	1.054
1069	1.023
1070	1.077
1071	0.802
1072	0.926
1073	1.052
1074	1.087
1075	1.081
1076	1.193
1077	1.138
1078	1.281
1079	1.027
1080	1.181
1081	1.055
1082	1.177
1083	1.176
1084	1.031
1085	0.862
1086	0.589
1087	0.748
1088	0.837
1089	0.863
1090	0.897
1091	0.837
1092	0.806
1093	1.038
1094	0.962
1095	1.062
1096	0.94
1097	1.045
1098	0.899
1099	0.909
1100	0.83
1101	0.688
1102	0.936
1103	0.836
1104	0.892
1105	0.674
1106	0.921
1107	0.75
1108	0.831
1109	0.752
1110	0.939
1111	0.966
1112	0.915
1113	0.772
1114	0.735
1115	0.733
1116	0.958
1117	0.945
1118	0.97
1119	0.844
1120	1.037
1121	0.927
1122	1.105
1123	1.081
1124	0.678
1125	0.818
1126	0.819
1127	1.09
1128	1.01
1129	0.911
1130	1.079
1131	1.004
1132	0.954
1133	0.993
1134	1.004
1135	0.888
1136	0.798
1137	0.921
1138	1.077
1139	0.941
1140	1.034
1141	1.004
1142	1.219
1143	1.087
1144	0.999
1145	0.969
1146	0.921
1147	0.933
1148	1.042
1149	1.02
1150	1.005
1151	0.967
1152	0.991
1153	0.869
1154	1.053
1155	0.997
1156	1.03
1157	1.136
1158	1.38
1159	1.009
1160	1.047
1161	1.055
1162	0.925
1163	1.227
1164	1.241
1165	1.479
1166	1.5
1167	1.111
1168	1.279
1169	1.517
1170	1.379
1171	1.341
1172	1.303
1173	1.592
1174	1.411
1175	1.245
1176	1.082
1177	1.221
1178	1.099
1179	1.219
1180	1.072
1181	1.063
1182	0.984
1183	0.933
1184	0.507
1185	0.622
1186	0.711
1187	0.771
1188	0.84
1189	0.863
1190	0.908
1191	0.866
1192	1.122
1193	0.933
1194	0.735
1195	0.922
1196	0.754
1197	0.873
1198	0.934
1199	1.042
1200	0.93
1201	0.955
1202	0.805
1203	0.871
1204	0.952
1205	0.745
1206	0.715
1207	0.819
1208	1.044
1209	1.081
1210	0.887
1211	0.957
1212	1.062
1213	1.155
1214	0.897
1215	1.491
1216	0.959
1217	1.2
1218	1.167
1219	1.218
1220	1.165
1221	1.205
1222	1.224
1223	1.305
1224	1.047
1225	1.479
1226	1.247
1227	1.33
1228	1.232
1229	1.318
1230	0.811
1231	1.291
1232	0.947
1233	1.132
1234	1.085
1235	0.813
1236	0.792
1237	1.081
1238	0.835
1239	1.155
1240	0.903
1241	1.073
1242	0.84
1243	0.878
1244	0.817
1245	0.834
1246	0.95
1247	0.851
1248	0.738
1249	1.267
1250	1.107
1251	0.925
1252	1.277
1253	1.257
1254	1.227
1255	1.175
1256	1.234
1257	1.285
1258	0.975
1259	1.121
1260	1.231
1261	0.65
1262	0.389
1263	0.527
1264	0.414
1265	0.519
1266	0.553
1267	0.673
1268	0.77
1269	0.904
1270	0.855
1271	0.912
1272	0.775
1273	0.727
1274	0.931
1275	0.927
1276	0.949
1277	1.124
1278	0.932
1279	1.149
1280	1.096
1281	1.171
1282	1.039
1283	0.937
1284	1.112
1285	1.12
1286	1.093
1287	1.112
1288	1.26
1289	0.974
1290	1.046
1291	0.671
1292	0.7
1293	0.608
1294	0.553
1295	0.458
1296	0.454
1297	0.523
1298	0.521
1299	0.503
1300	0.482
1301	0.615
1302	0.67
1303	0.669
1304	0.701
1305	0.702
1306	0.79
1307	0.705
1308	0.803
1309	0.985
1310	0.963
1311	0.87
1312	0.995
1313	1.074
1314	1.112
1315	1.027
1316	0.898
1317	0.973
1318	0.691
1319	0.881
1320	0.943
1321	0.976
1322	1.078
1323	1.122
1324	1.156
1325	1.16
1326	0.989
1327	1.052
1328	1.277
1329	1.075
1330	1.027
1331	1.049
1332	1.063
1333	1.049
1334	0.987
1335	0.997
1336	0.898
1337	0.921
1338	0.76
1339	0.778
1340	0.771
1341	0.773
1342	0.967
1343	0.968
1344	0.738
1345	0.97
1346	0.738
1347	0.71
1348	0.582
1349	0.611
1350	0.688
1351	0.839
1352	0.819
1353	0.645
1354	0.916
1355	0.718
1356	0.874
1357	0.884
1358	0.929
1359	1.087
1360	0.991
1361	1.113
1362	0.895
1363	0.839
1364	0.893
1365	0.875
1366	0.949
1367	0.744
1368	0.894
1369	0.716
1370	1.005
1371	0.737
1372	0.879
1373	0.936
1374	0.8
1375	0.853
1376	0.99
1377	0.926
1378	1.024
1379	1.017
1380	0.848
1381	0.861
1382	0.94
1383	0.994
1384	1.062
1385	0.91
1386	1.072
1387	1.114
1388	0.967
1389	1.229
1390	1.14
1391	1.123
1392	1.14
1393	1.04
1394	1.172
1395	1.075
1396	1.284
1397	1.273
1398	1.236
1399	1.037
1400	1.094
1401	1.012
1402	0.931
1403	1.221
1404	1.092
1405	1.153
1406	1.339
1407	1.301
1408	1.391
1409	1.249
1410	1.255
1411	1.139
1412	1.391
1413	1.041
1414	1.208
1415	1.006
1416	1.006
1417	1.08
1418	1.032
1419	0.913
1420	1.052
1421	1.23
1422	1.183
1423	1.316
1424	1.372
1425	1.269
1426	1.483
1427	1.229
1428	1.579
1429	1.556
1430	1.572
1431	1.476
1432	1.349
1433	1.581
1434	1.444
1435	1.526
1436	1.128
1437	1.061
1438	1.123
1439	1.447
1440	1.132
1441	1.134
1442	1.131
1443	1.166
1444	1.118
1445	1.287
1446	1.194
1447	1.198
1448	1.173
1449	1.178
1450	0.833
1451	1.161
1452	0.866
1453	0.894
1454	0.996
1455	0.952
1456	0.893
1457	0.706
1458	0.647
1459	0.632
1460	0.727
1461	0.777
1462	0.695
1463	0.739
1464	0.709
1465	0.732
1466	0.748
1467	0.68
1468	0.645
1469	0.746
1470	0.687
1471	0.688
1472	0.673
1473	0.667
1474	0.657
1475	0.964
1476	0.772
1477	0.879
1478	0.819
1479	0.767
1480	0.918
1481	0.766
1482	0.979
1483	0.979
1484	0.901
1485	0.955
1486	0.953
1487	1.013
1488	1.067
1489	1.186
1490	1.006
1491	0.941
1492	0.848
1493	1.359
1494	1.073
1495	0.769
1496	1.018
1497	0.857
1498	0.682
1499	0.857
1500	0.949
1501	0.85
1502	0.955
1503	0.834
1504	0.994
1505	0.936
1506	0.983
1507	0.942
1508	1.004
1509	1.008
1510	0.967
1511	0.799
1512	0.841
1513	0.834
1514	0.981
1515	0.969
1516	0.849
1517	0.753
1518	0.894
1519	0.938
1520	0.981
1521	0.872
1522	0.982
1523	0.808
1524	0.938
1525	1.034
1526	1.047
1527	1.239
1528	1.278
1529	1.27
1530	1.287
1531	1.284
1532	0.998
1533	1.117
1534	1.06
1535	1.283
1536	1.249
1537	1.296
1538	1.496
1539	1.212
1540	1.204
1541	1.243
1542	0.984
1543	0.984
1544	1.024
1545	1.034
1546	1.004
1547	1.178
1548	1.073
1549	0.975
1550	0.952
1551	0.929
1552	1.079
1553	0.833
1554	0.982
1555	0.876
1556	0.977
1557	1.047
1558	1.008
1559	0.849
1560	1.221
1561	1.111
1562	0.924
1563	1.001
1564	0.978
1565	1.261
1566	0.992
1567	1.159
1568	1.158
1569	1.146
1570	1.017
1571	1.138
1572	1.196
1573	1.036
1574	1.234
1575	1.262
1576	1.256
1577	0.965
1578	1.231
1579	1.055
1580	1.086
1581	0.9
1582	1.051
1583	1.04
1584	1.004
1585	1.107
1586	0.988
1587	0.765
1588	0.739
1589	0.742
1590	0.895
1591	0.928
1592	0.803
1593	0.906
1594	0.798
1595	0.791
1596	0.879
1597	0.834
1598	0.583
1599	0.722
1600	0.853
1601	0.602
1602	0.682
1603	0.383
1604	0.526
1605	0.646
1606	0.657
1607	0.677
1608	0.693
1609	0.635
1610	0.72
1611	0.685
1612	0.874
1613	0.959
1614	0.941
1615	0.989
1616	0.936
1617	1.131
1618	0.955
1619	0.964
1620	0.976
1621	0.962
1622	0.905
1623	0.847
1624	1.052
1625	1.109
1626	0.978
1627	0.966
1628	1.041
1629	1.009
1630	0.895
1631	0.843
1632	0.944
1633	0.803
1634	1.022
1635	0.982
1636	1.062
1637	1.081
1638	0.995
1639	1.127
1640	1.403
1641	0.884
1642	0.95
1643	0.792
1644	1.049
1645	1.122
1646	0.902
1647	1.116
1648	1.267
1649	1.055
1650	1.051
1651	1.27
1652	1.022
1653	1.155
1654	1.132
1655	1.368
1656	1.293
1657	1.446
1658	1.196
1659	1.062
1660	1.359
1661	1.165
1662	1.088
1663	1.182
1664	1.272
1665	1.291
1666	1.204
1667	1.129
1668	0.941
1669	0.954
1670	0.851
1671	1.007
1672	1.198
1673	0.998
1674	0.91
1675	0.757
1676	0.773
1677	0.764
1678	0.686
1679	0.659
1680	0.667
1681	0.721
1682	0.645
1683	0.839
1684	0.871
1685	0.976
1686	1.146
1687	1.038
1688	0.907
1689	1.039
1690	1.076
1691	1.021
1692	1.058
1693	1.056
1694	1.069
1695	1.115
1696	0.911
1697	1.082
1698	0.903
1699	0.797
1700	0.89
1701	0.783
1702	0.756
1703	0.878
1704	0.921
1705	0.775
1706	0.724
1707	0.986
1708	0.79
1709	0.835
1710	0.667
1711	0.819
1712	0.758
1713	1.019
1714	0.988
1715	0.866
1716	0.866
1717	1.042
1718	0.963
1719	0.823
1720	0.976
1721	0.714
1722	0.973
1723	0.828
1724	0.85
1725	0.921
1726	0.924
1727	0.993
1728	0.989
1729	0.966
1730	0.769
1731	0.809
1732	1.054
1733	0.803
1734	1.253
1735	0.981
1736	1.148
1737	0.862
1738	1.053
1739	1.019
1740	1.053
1741	0.874
1742	0.982
1743	0.899
1744	1.013
1745	0.951
1746	0.827
1747	0.928
1748	0.864
1749	0.977
1750	0.859
1751	1.125
1752	1.137
1753	1.153
1754	0.975
1755	1.21
1756	1.131
1757	1.217
1758	1.034
1759	1.293
1760	1.002
1761	1.201
1762	1.389
1763	1.315
1764	1.05
1765	1.381
1766	1.273
1767	1.457
1768	1.327
1769	1.376
1770	1.549
1771	1.357
1772	1.275
1773	1.502
1774	1.329
1775	1.408
1776	1.11
1777	1.309
1778	1.186
1779	1.27
1780	1.328
1781	1.617
1782	1.43
1783	1.142
1784	1.431
1785	0.996
1786	1.238
1787	0.977
1788	0.731
1789	0.903
1790	0.95
1791	0.811
1792	0.644
1793	0.687
1794	0.726
1795	0.712
1796	0.57
1797	0.636
1798	0.818
1799	0.799
1800	0.61
1801	0.843
1802	0.74
1803	0.636
1804	0.762
1805	0.731
1806	0.716
1807	0.619
1808	0.887
1809	0.904
1810	0.804
1811	0.941
1812	0.823
1813	0.516
1814	0.624
1815	0.695
1816	0.595
1817	0.526
1818	0.463
1819	0.484
1820	0.52
1821	0.541
1822	0.576
1823	0.812
1824	0.624
1825	0.571
1826	0.662
1827	0.696
1828	0.871
1829	0.897
1830	0.906
1831	0.919
1832	0.848
1833	0.606
1834	0.599
1835	0.556
1836	0.445
1837	0.471
1838	0.37
1839	0.44
1840	0.384
1841	0.5
1842	0.33
1843	0.393
1844	0.458
1845	0.45
1846	0.556
1847	0.639
1848	0.759
1849	0.699
1850	0.545
1851	0.515
1852	0.456
1853	0.417
1854	0.218
1855	0.359
1856	0.474
1857	0.5
1858	0.496
1859	0.489
1860	0.66
1861	0.627
1862	0.6
1863	0.587
1864	0.726
1865	0.623
1866	0.498
1867	0.339
1868	0.446
1869	0.433
1870	0.393
1871	0.509
1872	0.206
1873	0.273
1874	0.329
1875	0.421
1876	0.409
1877	0.529
1878	0.592
1879	0.659
1880	0.692
1881	0.717
1882	0.739
1883	0.764
1884	0.574
1885	0.729
1886	0.654
1887	0.732
1888	0.715
1889	0.755
1890	0.74
1891	1.022
1892	0.907
1893	0.802
1894	0.726
1895	0.749
1896	1.04
1897	0.954
1898	0.922
1899	0.846
1900	0.936
1901	0.911
1902	0.996
1903	0.875
1904	0.785
1905	0.896
1906	1.048
1907	1.073
1908	1.106
1909	1.283
1910	1.012
1911	1.069
1912	1.281
1913	1.079
1914	0.971
1915	1.068
1916	0.968
1917	0.958
1918	0.994
1919	1.081
1920	1.158
1921	1.11
1922	1.334
1923	1.14
1924	1.307
1925	1.187
1926	1.252
1927	1.428
1928	1.351
1929	1.515
1930	1.509
1931	1.5
1932	1.551
1933	1.299
1934	1.25
1935	1.331
1936	1.241
1937	0.893
1938	1.275
1939	1.244
1940	1.245
1941	1.231
1942	1.234
1943	1.265
1944	1.429
1945	1.237
1946	1.567
1947	1.314
1948	1.428
1949	1.362
1950	1.628
1951	1.501
1952	1.428
1953	1.415
1954	1.427
1955	1.411
1956	1.627
1957	1.492
1958	1.464
1959	1.683
1960	1.623
1961	1.225
1962	1.16
1963	1.25
1964	1.257
1965	1.362
1966	1.321
1967	1.437
1968	1.429
1969	1.315
1970	1.259
1971	1.204
1972	1.311
1973	1.249
1974	1.454
1975	1.515
1976	1.664
1977	1.76
1978	1.243
1979	1.304
1980	1.352
1981	1.182
1982	1.301
1983	1.435
1984	1.477
1985	1.459
1986	1.574
1987	1.51
1988	1.438
1989	1.622
1990	1.658
1991	1.648
1992	1.564
1993	1.305
1994	1.528
1995	1.694
1996	1.301
1997	1.41
1998	1.529
1999	2.069