# PAGES2kv2_Asia-WULANJLMR306 - from PAGES Phase 2 v1.9.0
#-----------------------------------------------------------------------
#		World Data Center for Paleoclimatology, Boulder
#				and
#		NOAA Paleoclimatology Program
#-----------------------------------------------------------------------
# NOTE: Please cite Publication, and Online_Resource and date accessed when using these data.
# If there is no publication information, please cite Investigators, Title, and Online_Resource and date accessed.
#
#
# Online_Resource:
#
# Original_Source_URL:
#
# Description/Documentation lines begin with #
# Data lines have no #
#
# Archive: Tree Rings
#--------------------
# Contribution_Date
#	Date: 2016-05-04
#--------------------
# Title
#	Study_Name: PAGES2kv2_Asia-WULANJLMR306 - from PAGES Phase 2 v1.9.0
#--------------------
# Investigators
#	Investigators: 
#--------------------
# Description_and_Notes
#	Description: Data from PAGES second data collation effort.
#--------------------
# Publication
#	Authors: 
#	Published_Date_or_Year: 
#	Published_Title: 
#	Journal_Name: 
#	Volume: 
#	Edition:
#	Issue:
#	Pages: 
#	DOI: 
#	Online_Resource:
#	Full_Citation:
#	Abstract:
#--------------------
# Funding_Agency
#	
#	Grant:
#--------------------
# Site_Information
#	Site_Name: 
#	Location: 
#	Country: 
#	Northernmost_Latitude: 37.03
#	Southernmost_Latitude: 37.03
#	Easternmost_Longitude: 98.68
#	Westernmost_Longitude: 98.68
#	Elevation: 
#--------------------
# Data_Collection
#	Collection_Name: PAGES2kv2_Asia-WULANJLMR306
#	Earliest_Year: 150
#	Most_Recent_Year: 2000
#	Time_Unit: y_ad
#	Core_Length:
#	Notes: {"database":{"database1":"LMR","database2":"PAGES2"}}{"climateInterpretation":{"basis":"", "climateVariable":"T", "climateVariableDetail":"", "interpDirection":"positive", "seasonality":""}}
#--------------------
# Species
#	Species_Name: 
#	Species_Code: 
#--------------------
# Chronology:
#
#
#
#--------------------
# Variables
#
# Data variables follow that are preceded by ## in columns one and two.
# Data line variables format:  Variables list, one per line, shortname-tab-longname-tab-longname components (9 components: what, material, error, units, seasonality, archive, detail, method, C or N for Character or Numeric data)
#
##age	age, , ,years AD, , , , ,N
##trsgi	tree ring standardized growth index, , , , , Tree Rings, , ,N
#
#--------------------
# Data:
# Data lines follow (have no #)
# Data line format - tab-delimited text, variable short name as header
# Missing Values: nan
#
age	trsgi
150	1.165
151	1.127
152	0.985
153	1.146
154	1.137
155	1.203
156	1.19
157	0.739
158	1.111
159	1.014
160	1.195
161	1.113
162	1.108
163	0.962
164	0.989
165	1.038
166	0.96
167	1.114
168	0.779
169	0.992
170	0.829
171	0.886
172	0.759
173	1.126
174	0.909
175	0.809
176	0.849
177	0.739
178	1.057
179	1.037
180	1.13
181	1.086
182	0.693
183	0.926
184	1.082
185	1.173
186	0.951
187	1.143
188	0.749
189	1.035
190	1.218
191	1.045
192	0.991
193	1.084
194	1.023
195	0.854
196	1.278
197	1.126
198	1.53
199	1.106
200	1.028
201	1.18
202	0.948
203	1.052
204	0.801
205	0.901
206	0.778
207	1.124
208	0.687
209	1.089
210	1.006
211	1.133
212	1.083
213	1.209
214	0.981
215	1.188
216	0.932
217	0.962
218	1.309
219	0.973
220	0.966
221	1.188
222	1.306
223	0.828
224	0.907
225	1.015
226	0.814
227	0.624
228	1.15
229	0.856
230	1.184
231	1.214
232	1.298
233	1.256
234	1.159
235	1.245
236	1.13
237	0.906
238	1.045
239	1.1
240	1.003
241	1.196
242	1.102
243	1.091
244	1.106
245	0.682
246	0.753
247	0.786
248	0.78
249	0.678
250	0.627
251	1.054
252	0.948
253	0.932
254	0.83
255	0.905
256	0.812
257	0.79
258	0.618
259	0.761
260	0.688
261	1.119
262	0.929
263	0.852
264	0.784
265	0.863
266	1.05
267	0.938
268	0.996
269	1.021
270	0.874
271	0.936
272	1.042
273	0.864
274	0.981
275	1.187
276	0.903
277	0.878
278	1.031
279	1.115
280	1.101
281	0.855
282	0.895
283	0.708
284	0.449
285	0.453
286	0.846
287	1.031
288	1.07
289	0.786
290	0.826
291	0.524
292	0.821
293	0.866
294	1.053
295	1.088
296	1.073
297	1.193
298	0.976
299	1.033
300	1.111
301	1.176
302	1.136
303	1.156
304	1.016
305	1.084
306	0.907
307	1.083
308	0.891
309	0.888
310	1.149
311	1.166
312	0.869
313	0.82
314	1.128
315	0.907
316	0.902
317	0.835
318	0.786
319	0.949
320	0.997
321	0.785
322	1.338
323	1.108
324	0.873
325	1.172
326	1.099
327	1.076
328	0.861
329	0.816
330	0.771
331	0.848
332	0.966
333	0.824
334	1.064
335	0.963
336	0.937
337	0.778
338	0.454
339	0.453
340	0.545
341	0.566
342	0.713
343	0.566
344	0.891
345	0.821
346	0.868
347	0.773
348	0.833
349	0.744
350	0.824
351	0.861
352	0.727
353	0.702
354	0.636
355	0.742
356	0.738
357	0.644
358	0.544
359	0.697
360	0.754
361	0.689
362	0.508
363	0.646
364	0.703
365	0.651
366	0.823
367	0.811
368	0.678
369	0.472
370	0.988
371	0.874
372	0.768
373	1.298
374	0.866
375	0.844
376	0.618
377	0.804
378	0.896
379	1.043
380	1.395
381	1.221
382	1.073
383	1.205
384	1.368
385	1.532
386	1.295
387	1.607
388	1.452
389	1.534
390	1.672
391	1.242
392	1.619
393	1.33
394	1.046
395	0.728
396	0.889
397	0.735
398	0.895
399	1.104
400	1.167
401	1.234
402	1.085
403	1.085
404	1.276
405	1.188
406	1.55
407	1.266
408	1.666
409	1.413
410	1.421
411	1.463
412	1.675
413	1.596
414	0.947
415	1.292
416	1.548
417	1.459
418	1.642
419	1.16
420	1.491
421	1.474
422	1.626
423	0.928
424	1.384
425	0.912
426	1.43
427	1.014
428	1.059
429	0.813
430	1.047
431	1.137
432	1.348
433	1.168
434	1.176
435	0.881
436	1.225
437	1.074
438	1.207
439	1.027
440	1.18
441	0.858
442	0.764
443	0.898
444	1.083
445	0.871
446	1.034
447	1.179
448	0.844
449	1.144
450	0.958
451	0.647
452	1.0
453	1.058
454	0.889
455	1.016
456	1.193
457	0.844
458	0.895
459	1.001
460	1.104
461	1.065
462	1.016
463	1.165
464	0.829
465	0.801
466	0.864
467	0.936
468	1.063
469	0.761
470	0.614
471	0.769
472	0.66
473	0.872
474	0.578
475	0.554
476	0.774
477	0.861
478	0.801
479	0.714
480	0.798
481	0.594
482	0.908
483	0.822
484	0.911
485	0.631
486	1.029
487	1.074
488	1.1
489	1.098
490	1.057
491	0.884
492	1.11
493	0.849
494	0.93
495	1.29
496	1.062
497	1.465
498	1.086
499	1.101
500	1.198
501	0.934
502	0.994
503	0.785
504	1.032
505	0.586
506	0.41
507	1.034
508	1.321
509	1.234
510	1.155
511	1.03
512	0.95
513	1.19
514	1.091
515	1.26
516	0.814
517	1.445
518	1.244
519	1.207
520	1.28
521	1.173
522	1.389
523	0.787
524	0.738
525	1.205
526	1.449
527	1.492
528	1.366
529	1.021
530	0.955
531	1.003
532	1.146
533	1.256
534	1.339
535	1.071
536	1.199
537	1.163
538	0.882
539	0.879
540	0.924
541	0.738
542	0.924
543	1.084
544	0.876
545	0.961
546	0.77
547	0.632
548	0.655
549	0.78
550	0.799
551	0.879
552	1.083
553	0.821
554	0.631
555	0.902
556	0.925
557	1.219
558	1.181
559	0.786
560	0.503
561	0.701
562	0.787
563	0.793
564	0.81
565	0.808
566	1.03
567	1.032
568	0.917
569	1.08
570	1.182
571	1.025
572	1.03
573	1.181
574	0.621
575	1.08
576	0.683
577	0.624
578	0.779
579	1.053
580	0.807
581	1.406
582	1.298
583	1.093
584	1.229
585	1.114
586	1.178
587	1.301
588	0.676
589	0.936
590	0.91
591	0.859
592	0.862
593	1.171
594	1.221
595	1.074
596	1.314
597	1.064
598	1.15
599	1.081
600	1.132
601	0.896
602	1.194
603	1.034
604	1.219
605	1.158
606	1.359
607	1.072
608	1.227
609	1.36
610	1.031
611	0.849
612	1.108
613	1.149
614	0.879
615	0.961
616	0.817
617	0.795
618	0.989
619	0.757
620	0.868
621	1.191
622	1.218
623	1.301
624	1.213
625	1.206
626	1.095
627	1.024
628	0.854
629	1.034
630	0.894
631	0.921
632	1.098
633	0.653
634	0.747
635	0.875
636	1.009
637	0.923
638	1.038
639	1.099
640	0.731
641	0.885
642	1.175
643	1.183
644	1.127
645	1.187
646	0.857
647	1.161
648	0.784
649	1.062
650	1.102
651	1.261
652	1.185
653	0.941
654	0.888
655	1.203
656	0.832
657	1.198
658	0.969
659	1.099
660	0.787
661	0.767
662	0.765
663	1.345
664	0.873
665	1.181
666	1.28
667	0.997
668	0.917
669	1.006
670	1.013
671	1.028
672	0.995
673	0.955
674	0.658
675	1.023
676	0.934
677	0.837
678	1.068
679	1.089
680	0.96
681	0.902
682	0.975
683	0.458
684	0.654
685	0.76
686	0.8
687	0.91
688	0.69
689	0.597
690	0.7
691	0.987
692	0.815
693	0.894
694	0.832
695	0.674
696	1.15
697	1.251
698	1.083
699	1.204
700	1.064
701	1.086
702	0.59
703	0.77
704	0.72
705	0.849
706	1.057
707	1.231
708	0.987
709	1.033
710	0.986
711	0.675
712	0.527
713	0.693
714	0.968
715	0.56
716	0.626
717	1.028
718	0.708
719	0.464
720	0.348
721	0.634
722	0.908
723	0.83
724	0.506
725	0.69
726	0.278
727	0.328
728	1.136
729	1.074
730	0.634
731	0.702
732	1.156
733	1.338
734	1.114
735	0.922
736	0.744
737	1.098
738	1.052
739	1.338
740	0.485
741	0.492
742	0.775
743	0.68
744	0.828
745	0.87
746	0.675
747	0.59
748	0.475
749	0.588
750	0.948
751	0.828
752	0.833
753	0.455
754	0.933
755	0.81
756	0.558
757	0.475
758	0.713
759	0.833
760	0.453
761	0.81
762	0.668
763	0.425
764	0.91
765	0.607
766	1.285
767	0.94
768	1.333
769	1.055
770	1.67
771	1.215
772	1.025
773	1.13
774	1.15
775	1.033
776	1.103
777	1.007
778	1.155
779	0.747
780	0.677
781	1.467
782	0.873
783	1.347
784	0.913
785	0.42
786	1.127
787	0.273
788	0.517
789	0.753
790	0.52
791	0.31
792	0.953
793	0.297
794	0.81
795	1.06
796	1.283
797	0.457
798	0.943
799	0.837
800	0.647
801	0.757
802	1.253
803	0.827
804	0.707
805	0.443
806	0.747
807	0.7
808	0.617
809	0.76
810	0.48
811	0.65
812	0.887
813	0.867
814	1.247
815	1.203
816	1.393
817	1.073
818	0.953
819	0.603
820	0.427
821	1.51
822	0.853
823	0.85
824	0.557
825	0.783
826	1.223
827	1.127
828	0.93
829	1.227
830	0.843
831	1.403
832	1.3
833	1.22
834	1.293
835	1.205
836	1.395
837	0.77
838	0.945
839	0.875
840	1.685
841	1.625
842	0.5
843	0.85
844	1.215
845	0.94
846	1.665
847	1.685
848	1.26
849	1.943
850	1.517
851	1.777
852	1.577
853	1.217
854	1.223
855	1.263
856	1.4
857	1.04
858	1.027
859	1.023
860	0.67
861	1.027
862	1.057
863	1.153
864	1.607
865	0.887
866	1.26
867	1.237
868	1.217
869	1.513
870	1.137
871	1.307
872	1.22
873	1.58
874	1.743
875	0.927
876	1.18
877	1.51
878	1.69
879	1.247
880	1.62
881	1.853
882	1.7
883	1.398
884	1.365
885	1.243
886	0.93
887	0.535
888	0.75
889	0.833
890	1.155
891	1.125
892	1.008
893	1.628
894	1.07
895	1.084
896	0.938
897	1.187
898	1.077
899	1.155
900	0.945
901	1.178
902	1.048
903	1.033
904	0.843
905	1.115
906	0.972
907	0.873
908	0.54
909	0.253
910	0.525
911	0.772
912	0.86
913	1.065
914	0.965
915	0.973
916	1.137
917	0.917
918	0.867
919	0.915
920	0.568
921	1.087
922	1.06
923	1.12
924	1.193
925	1.192
926	0.767
927	0.61
928	0.808
929	1.085
930	1.315
931	0.727
932	1.317
933	1.27
934	1.207
935	1.047
936	1.613
937	1.042
938	1.16
939	1.127
940	0.987
941	1.113
942	1.448
943	0.962
944	1.247
945	0.765
946	0.67
947	1.153
948	1.025
949	1.352
950	1.337
951	1.097
952	0.865
953	1.44
954	1.005
955	1.243
956	1.34
957	0.805
958	1.083
959	1.37
960	1.139
961	0.433
962	1.151
963	1.143
964	1.397
965	1.524
966	1.409
967	1.513
968	1.367
969	1.01
970	1.529
971	1.751
972	1.233
973	1.539
974	1.717
975	1.131
976	1.248
977	1.38
978	1.35
979	1.339
980	1.478
981	0.939
982	0.564
983	1.28
984	1.371
985	1.107
986	1.524
987	1.349
988	1.424
989	1.171
990	0.984
991	0.893
992	1.374
993	1.518
994	1.494
995	1.154
996	1.346
997	1.201
998	1.606
999	1.23
1000	1.443
1001	1.046
1002	1.569
1003	1.519
1004	1.301
1005	1.222
1006	1.161
1007	1.22
1008	0.844
1009	0.722
1010	1.38
1011	1.166
1012	1.214
1013	1.134
1014	1.162
1015	1.142
1016	1.246
1017	1.08
1018	1.261
1019	1.56
1020	0.897
1021	0.813
1022	0.986
1023	1.447
1024	1.508
1025	1.297
1026	1.016
1027	1.346
1028	1.064
1029	1.19
1030	1.296
1031	1.267
1032	1.136
1033	1.089
1034	0.894
1035	1.294
1036	1.196
1037	1.204
1038	1.053
1039	1.404
1040	1.063
1041	1.092
1042	1.177
1043	1.189
1044	1.284
1045	0.876
1046	1.051
1047	1.14
1048	1.289
1049	1.18
1050	1.213
1051	1.162
1052	1.228
1053	0.995
1054	0.732
1055	0.43
1056	0.877
1057	1.074
1058	1.101
1059	1.03
1060	1.22
1061	1.081
1062	1.375
1063	0.865
1064	1.046
1065	1.158
1066	1.284
1067	0.942
1068	0.978
1069	0.923
1070	0.866
1071	1.175
1072	1.1
1073	0.77
1074	1.068
1075	1.041
1076	0.941
1077	1.15
1078	1.022
1079	1.099
1080	1.103
1081	1.292
1082	1.024
1083	0.967
1084	0.634
1085	1.131
1086	0.806
1087	0.738
1088	0.909
1089	0.916
1090	1.02
1091	1.013
1092	0.857
1093	1.047
1094	1.049
1095	0.933
1096	1.169
1097	1.175
1098	1.019
1099	0.845
1100	0.598
1101	0.522
1102	0.814
1103	0.699
1104	0.943
1105	0.921
1106	1.061
1107	1.058
1108	0.595
1109	0.595
1110	0.638
1111	0.771
1112	0.69
1113	0.995
1114	1.117
1115	0.785
1116	0.917
1117	1.117
1118	1.105
1119	0.759
1120	0.996
1121	0.816
1122	1.049
1123	0.93
1124	0.789
1125	1.114
1126	0.892
1127	0.819
1128	0.764
1129	0.837
1130	0.597
1131	0.822
1132	0.794
1133	0.878
1134	0.784
1135	0.636
1136	0.374
1137	0.854
1138	0.915
1139	0.914
1140	0.931
1141	0.745
1142	0.69
1143	0.727
1144	0.754
1145	0.819
1146	0.581
1147	0.781
1148	1.23
1149	0.899
1150	0.619
1151	0.732
1152	0.667
1153	1.051
1154	1.06
1155	1.254
1156	0.929
1157	0.867
1158	1.209
1159	0.95
1160	0.758
1161	1.264
1162	0.829
1163	1.015
1164	1.011
1165	0.683
1166	0.894
1167	1.248
1168	1.008
1169	1.178
1170	0.799
1171	0.975
1172	0.229
1173	1.157
1174	0.996
1175	1.241
1176	0.964
1177	1.144
1178	1.006
1179	1.103
1180	0.679
1181	0.748
1182	0.888
1183	0.833
1184	1.094
1185	1.182
1186	1.262
1187	0.896
1188	1.21
1189	1.041
1190	0.929
1191	0.737
1192	0.813
1193	0.853
1194	0.925
1195	0.935
1196	0.99
1197	0.683
1198	0.745
1199	1.058
1200	0.373
1201	0.866
1202	1.141
1203	0.709
1204	0.937
1205	0.949
1206	0.754
1207	0.396
1208	0.843
1209	0.868
1210	0.811
1211	1.068
1212	1.166
1213	1.095
1214	0.978
1215	0.842
1216	1.007
1217	1.07
1218	1.021
1219	1.049
1220	0.659
1221	0.947
1222	1.088
1223	1.061
1224	0.691
1225	0.494
1226	0.948
1227	1.036
1228	1.061
1229	0.862
1230	1.072
1231	0.898
1232	1.029
1233	1.088
1234	1.044
1235	0.921
1236	0.7
1237	0.837
1238	0.927
1239	1.143
1240	1.006
1241	1.323
1242	0.886
1243	0.948
1244	0.996
1245	1.143
1246	1.072
1247	1.062
1248	1.017
1249	1.155
1250	0.932
1251	0.911
1252	1.143
1253	1.117
1254	1.007
1255	0.97
1256	1.12
1257	0.872
1258	0.463
1259	0.666
1260	0.765
1261	0.968
1262	0.974
1263	1.3
1264	1.096
1265	0.94
1266	1.069
1267	1.142
1268	0.983
1269	0.841
1270	0.976
1271	0.218
1272	0.83
1273	0.753
1274	1.078
1275	1.08
1276	0.832
1277	1.048
1278	1.119
1279	0.852
1280	0.71
1281	0.631
1282	1.031
1283	1.062
1284	0.996
1285	0.647
1286	0.62
1287	0.774
1288	0.913
1289	0.906
1290	0.769
1291	0.809
1292	1.047
1293	0.585
1294	0.834
1295	0.74
1296	0.879
1297	1.149
1298	0.833
1299	0.744
1300	0.972
1301	0.625
1302	0.612
1303	1.028
1304	0.78
1305	0.806
1306	0.954
1307	0.96
1308	0.764
1309	0.487
1310	0.958
1311	0.724
1312	1.045
1313	0.931
1314	1.078
1315	0.802
1316	1.311
1317	0.828
1318	1.185
1319	0.621
1320	1.021
1321	1.126
1322	0.542
1323	0.918
1324	1.056
1325	1.261
1326	0.973
1327	1.025
1328	0.972
1329	0.532
1330	1.0
1331	1.074
1332	0.949
1333	1.218
1334	1.199
1335	0.88
1336	1.11
1337	0.932
1338	0.986
1339	0.929
1340	0.968
1341	0.869
1342	0.741
1343	0.701
1344	0.611
1345	0.934
1346	1.158
1347	0.912
1348	1.203
1349	0.835
1350	1.077
1351	1.081
1352	1.122
1353	0.941
1354	1.132
1355	1.107
1356	1.107
1357	1.158
1358	0.867
1359	1.324
1360	1.081
1361	1.16
1362	1.188
1363	1.542
1364	1.18
1365	1.366
1366	1.411
1367	1.317
1368	0.981
1369	0.564
1370	0.975
1371	1.217
1372	1.075
1373	1.317
1374	1.265
1375	1.084
1376	0.661
1377	0.944
1378	1.147
1379	0.884
1380	1.077
1381	1.342
1382	1.185
1383	1.024
1384	1.151
1385	0.759
1386	1.044
1387	1.171
1388	1.358
1389	1.174
1390	1.026
1391	1.168
1392	1.156
1393	1.27
1394	1.264
1395	1.187
1396	1.059
1397	1.115
1398	1.02
1399	1.217
1400	1.124
1401	0.791
1402	1.403
1403	0.807
1404	1.203
1405	1.474
1406	1.168
1407	1.356
1408	1.06
1409	1.427
1410	1.178
1411	0.769
1412	1.104
1413	1.29
1414	1.313
1415	1.293
1416	1.199
1417	1.22
1418	1.221
1419	0.639
1420	1.315
1421	1.007
1422	1.091
1423	0.911
1424	0.985
1425	1.335
1426	0.993
1427	1.271
1428	0.99
1429	1.081
1430	0.977
1431	0.914
1432	1.16
1433	0.982
1434	1.162
1435	1.183
1436	0.583
1437	1.021
1438	0.718
1439	1.256
1440	1.149
1441	0.846
1442	1.155
1443	1.182
1444	0.669
1445	1.116
1446	1.23
1447	0.725
1448	1.001
1449	0.856
1450	0.616
1451	0.268
1452	1.0
1453	0.628
1454	0.77
1455	0.555
1456	0.708
1457	0.804
1458	0.922
1459	0.654
1460	0.733
1461	0.882
1462	1.205
1463	0.86
1464	1.151
1465	0.84
1466	0.844
1467	0.881
1468	0.71
1469	1.021
1470	0.706
1471	0.706
1472	0.726
1473	0.905
1474	0.897
1475	0.991
1476	0.619
1477	0.921
1478	0.572
1479	0.908
1480	0.452
1481	0.331
1482	0.928
1483	1.226
1484	0.503
1485	1.052
1486	0.933
1487	1.081
1488	0.952
1489	1.476
1490	1.122
1491	1.073
1492	0.671
1493	0.82
1494	0.724
1495	0.283
1496	0.822
1497	0.629
1498	0.8
1499	0.433
1500	0.839
1501	0.911
1502	0.684
1503	1.023
1504	1.06
1505	0.699
1506	1.237
1507	1.101
1508	1.021
1509	0.674
1510	0.628
1511	0.816
1512	1.289
1513	1.03
1514	0.755
1515	0.562
1516	0.849
1517	1.069
1518	0.897
1519	1.051
1520	0.975
1521	1.409
1522	1.098
1523	1.184
1524	0.737
1525	1.419
1526	1.258
1527	1.1
1528	0.593
1529	1.192
1530	1.285
1531	0.993
1532	1.026
1533	1.23
1534	1.192
1535	1.432
1536	1.333
1537	1.126
1538	0.987
1539	0.412
1540	1.152
1541	1.271
1542	0.988
1543	1.303
1544	1.298
1545	1.457
1546	1.36
1547	0.92
1548	0.837
1549	1.135
1550	0.966
1551	1.334
1552	1.353
1553	1.08
1554	0.825
1555	1.076
1556	1.203
1557	1.322
1558	0.764
1559	1.379
1560	0.877
1561	1.205
1562	1.008
1563	0.881
1564	1.191
1565	1.063
1566	1.06
1567	1.145
1568	1.0
1569	1.125
1570	1.171
1571	1.18
1572	1.115
1573	1.236
1574	1.284
1575	1.315
1576	1.34
1577	1.413
1578	1.431
1579	1.285
1580	1.231
1581	0.983
1582	1.461
1583	1.536
1584	0.982
1585	1.173
1586	0.693
1587	0.936
1588	0.561
1589	1.026
1590	0.809
1591	1.038
1592	1.216
1593	0.769
1594	1.051
1595	0.893
1596	1.265
1597	1.32
1598	1.122
1599	1.139
1600	0.709
1601	0.834
1602	0.507
1603	0.986
1604	0.948
1605	1.103
1606	1.063
1607	1.118
1608	0.977
1609	1.095
1610	1.448
1611	1.077
1612	1.012
1613	1.045
1614	1.128
1615	1.022
1616	1.147
1617	0.91
1618	1.071
1619	1.055
1620	0.823
1621	0.917
1622	0.867
1623	0.554
1624	1.138
1625	1.142
1626	0.976
1627	0.858
1628	0.348
1629	1.107
1630	0.708
1631	1.192
1632	0.881
1633	0.302
1634	0.78
1635	1.265
1636	1.461
1637	1.349
1638	1.21
1639	1.092
1640	1.015
1641	0.879
1642	0.949
1643	0.92
1644	0.962
1645	0.961
1646	1.061
1647	1.277
1648	0.86
1649	0.524
1650	0.637
1651	0.803
1652	0.767
1653	0.704
1654	1.072
1655	0.836
1656	0.939
1657	0.576
1658	1.015
1659	1.067
1660	0.925
1661	1.129
1662	1.118
1663	0.851
1664	1.1
1665	0.362
1666	1.002
1667	0.531
1668	0.868
1669	1.124
1670	1.379
1671	1.243
1672	0.761
1673	1.232
1674	1.105
1675	1.033
1676	0.776
1677	0.822
1678	0.873
1679	1.125
1680	1.011
1681	1.121
1682	0.768
1683	1.236
1684	0.702
1685	1.327
1686	1.054
1687	0.382
1688	0.634
1689	0.711
1690	1.01
1691	1.062
1692	0.902
1693	0.49
1694	0.866
1695	1.01
1696	0.754
1697	1.069
1698	0.65
1699	0.88
1700	0.724
1701	0.579
1702	1.012
1703	0.864
1704	1.169
1705	1.111
1706	1.007
1707	0.804
1708	0.797
1709	1.299
1710	0.637
1711	0.825
1712	0.945
1713	0.39
1714	0.65
1715	0.328
1716	0.798
1717	0.644
1718	1.002
1719	0.787
1720	1.007
1721	0.628
1722	0.906
1723	0.781
1724	1.234
1725	0.552
1726	1.086
1727	0.62
1728	0.78
1729	0.711
1730	0.987
1731	0.877
1732	1.014
1733	0.934
1734	1.271
1735	1.273
1736	1.429
1737	1.355
1738	1.423
1739	1.043
1740	1.148
1741	0.66
1742	0.547
1743	1.098
1744	1.408
1745	1.076
1746	0.999
1747	1.161
1748	1.517
1749	0.738
1750	0.892
1751	1.369
1752	1.376
1753	1.19
1754	1.15
1755	1.139
1756	1.088
1757	0.992
1758	1.124
1759	1.094
1760	1.251
1761	1.153
1762	1.322
1763	1.184
1764	0.973
1765	1.306
1766	0.819
1767	1.289
1768	1.174
1769	1.024
1770	0.35
1771	1.556
1772	1.218
1773	1.246
1774	1.072
1775	1.191
1776	0.807
1777	1.116
1778	1.384
1779	0.58
1780	1.279
1781	1.344
1782	0.72
1783	1.177
1784	1.213
1785	1.236
1786	1.251
1787	0.617
1788	0.927
1789	0.524
1790	0.558
1791	0.79
1792	0.263
1793	0.726
1794	0.771
1795	0.755
1796	0.523
1797	0.574
1798	1.287
1799	1.046
1800	1.333
1801	0.509
1802	1.335
1803	1.015
1804	1.113
1805	0.598
1806	1.201
1807	1.112
1808	0.922
1809	0.686
1810	0.905
1811	1.144
1812	1.136
1813	0.869
1814	0.987
1815	0.972
1816	0.596
1817	0.875
1818	0.613
1819	0.883
1820	0.675
1821	0.755
1822	1.148
1823	0.74
1824	0.197
1825	1.066
1826	0.985
1827	1.411
1828	1.075
1829	1.303
1830	1.223
1831	0.637
1832	1.367
1833	0.591
1834	0.679
1835	1.224
1836	1.159
1837	0.865
1838	1.091
1839	1.411
1840	1.073
1841	1.3
1842	0.466
1843	0.779
1844	1.196
1845	1.329
1846	1.395
1847	1.192
1848	1.468
1849	1.423
1850	0.991
1851	1.012
1852	1.006
1853	1.135
1854	1.288
1855	1.154
1856	1.245
1857	0.845
1858	1.057
1859	0.961
1860	0.833
1861	0.413
1862	1.283
1863	1.385
1864	1.008
1865	1.231
1866	1.086
1867	0.97
1868	0.947
1869	0.512
1870	1.052
1871	1.047
1872	0.919
1873	1.269
1874	0.981
1875	0.914
1876	0.884
1877	0.694
1878	1.004
1879	0.941
1880	0.897
1881	0.833
1882	1.1
1883	1.111
1884	0.619
1885	0.893
1886	1.248
1887	0.951
1888	1.235
1889	1.192
1890	1.374
1891	1.245
1892	1.267
1893	1.246
1894	1.224
1895	0.784
1896	1.411
1897	1.214
1898	0.957
1899	1.077
1900	1.139
1901	1.172
1902	0.878
1903	1.085
1904	1.159
1905	1.197
1906	1.258
1907	1.259
1908	1.02
1909	0.838
1910	1.084
1911	1.036
1912	1.211
1913	1.32
1914	1.362
1915	1.228
1916	1.273
1917	0.867
1918	0.404
1919	0.835
1920	1.343
1921	1.432
1922	1.267
1923	1.015
1924	1.356
1925	0.913
1926	0.586
1927	0.707
1928	0.828
1929	0.719
1930	0.94
1931	0.776
1932	0.843
1933	1.091
1934	0.901
1935	1.113
1936	1.058
1937	0.873
1938	1.171
1939	1.082
1940	0.771
1941	0.579
1942	0.613
1943	1.462
1944	1.334
1945	1.077
1946	1.477
1947	1.341
1948	1.324
1949	1.139
1950	1.046
1951	1.118
1952	1.112
1953	0.716
1954	1.071
1955	1.388
1956	1.246
1957	0.947
1958	1.498
1959	1.639
1960	1.268
1961	0.594
1962	0.828
1963	0.771
1964	1.196
1965	1.169
1966	0.402
1967	1.328
1968	1.08
1969	0.961
1970	1.313
1971	0.891
1972	0.869
1973	0.88
1974	0.979
1975	1.092
1976	1.005
1977	1.057
1978	1.056
1979	0.448
1980	1.177
1981	1.096
1982	1.285
1983	1.358
1984	1.077
1985	1.229
1986	1.239
1987	1.342
1988	1.469
1989	1.621
1990	1.585
1991	1.21
1992	1.296
1993	1.746
1994	1.055
1995	0.323
1996	0.467
1997	1.158
1998	0.132
1999	1.572
2000	1.255