# PAGES2kv2_NAm-ca534LMR403 - from PAGES Phase 2 v1.9.0
#-----------------------------------------------------------------------
#		World Data Center for Paleoclimatology, Boulder
#				and
#		NOAA Paleoclimatology Program
#-----------------------------------------------------------------------
# NOTE: Please cite Publication, and Online_Resource and date accessed when using these data.
# If there is no publication information, please cite Investigators, Title, and Online_Resource and date accessed.
#
#
# Online_Resource:
#
# Original_Source_URL:
#
# Description/Documentation lines begin with #
# Data lines have no #
#
# Archive: Tree Rings
#--------------------
# Contribution_Date
#	Date: 2016-05-04
#--------------------
# Title
#	Study_Name: PAGES2kv2_NAm-ca534LMR403 - from PAGES Phase 2 v1.9.0
#--------------------
# Investigators
#	Investigators: Graybill, D.A.
#--------------------
# Description_and_Notes
#	Description: Data from PAGES second data collation effort.
#--------------------
# Publication
#	Authors: Graybill, D.A.
#	Published_Date_or_Year: 
#	Published_Title: 
#	Journal_Name: 
#	Volume: 
#	Edition:
#	Issue:
#	Pages: 
#	DOI: 
#	Online_Resource:
#	Full_Citation:
#	Abstract:
#--------------------
# Funding_Agency
#	
#	Grant:
#--------------------
# Site_Information
#	Site_Name: Sheep Mountain
#	Location: 
#	Country: 
#	Northernmost_Latitude: 37.2
#	Southernmost_Latitude: 37.2
#	Easternmost_Longitude: -118.1
#	Westernmost_Longitude: -118.1
#	Elevation: 
#--------------------
# Data_Collection
#	Collection_Name: PAGES2kv2_NAm-ca534LMR403
#	Earliest_Year: 0
#	Most_Recent_Year: 1990
#	Time_Unit: y_ad
#	Core_Length:
#	Notes: {"duplicate":"northamerica_usa_ca667B.txt"} {"duplicate":"northamerica_usa_ca534B.txt"}  {"database":"PAGES2"}{"climateInterpretation":{"basis":"", "climateVariable":"T", "climateVariableDetail":"air", "interpDirection":"positive", "seasonality":""}}
#--------------------
# Species
#	Species_Name: 
#	Species_Code: 
#--------------------
# Chronology:
#
#
#
#--------------------
# Variables
#
# Data variables follow that are preceded by ## in columns one and two.
# Data line variables format:  Variables list, one per line, shortname-tab-longname-tab-longname components (9 components: what, material, error, units, seasonality, archive, detail, method, C or N for Character or Numeric data)
#
##age	age, , ,years AD, , , , ,N
##trsgi	tree ring standardized growth index, , , , , Tree Rings, , ,N
#
#--------------------
# Data:
# Data lines follow (have no #)
# Data line format - tab-delimited text, variable short name as header
# Missing Values: nan
#
age	trsgi
0	1.237
1	1.179
2	1.061
3	1.327
4	1.002
5	1.032
6	1.032
7	1.416
8	1.062
9	1.151
10	1.476
11	1.446
12	1.535
13	1.329
14	1.181
15	0.915
16	0.974
17	0.945
18	1.211
19	1.418
20	1.359
21	0.768
22	1.067
23	1.554
24	1.622
25	1.879
26	1.852
27	1.853
28	1.463
29	0.593
30	1.169
31	1.271
32	1.912
33	1.509
34	1.954
35	1.83
36	2.029
37	1.342
38	1.767
39	1.509
40	0.876
41	1.19
42	1.019
43	0.773
44	0.552
45	0.441
46	0.538
47	0.649
48	0.66
49	0.79
50	0.933
51	0.693
52	1.004
53	0.618
54	1.017
55	1.018
56	0.682
57	0.62
58	0.491
59	0.589
60	0.7
61	0.766
62	0.819
63	0.746
64	0.688
65	0.481
66	0.86
67	0.68
68	0.991
69	0.777
70	1.043
71	0.968
72	1.065
73	0.602
74	0.739
75	1.17
76	1.292
77	1.326
78	1.604
79	1.58
80	1.365
81	1.227
82	1.353
83	0.684
84	1.075
85	0.551
86	0.917
87	0.89
88	1.469
89	1.503
90	1.624
91	1.296
92	0.98
93	0.836
94	0.978
95	1.064
96	1.286
97	0.728
98	0.655
99	0.564
100	0.249
101	0.402
102	0.402
103	0.811
104	0.796
105	0.822
106	0.291
107	0.515
108	0.648
109	0.604
110	0.725
111	0.732
112	0.795
113	0.808
114	0.846
115	1.09
116	0.752
117	0.488
118	0.573
119	0.598
120	0.908
121	0.905
122	0.897
123	0.763
124	1.069
125	1.222
126	0.849
127	0.915
128	0.992
129	0.72
130	0.978
131	0.793
132	1.043
133	0.688
134	0.878
135	0.955
136	0.328
137	0.237
138	1.033
139	0.817
140	0.647
141	0.609
142	0.72
143	0.688
144	0.591
145	0.495
146	0.597
147	0.591
148	0.753
149	0.462
150	0.419
151	0.289
152	0.358
153	0.709
154	0.807
155	0.777
156	0.757
157	1.128
158	1.01
159	0.978
160	0.934
161	1.078
162	0.992
163	0.894
164	1.082
165	0.625
166	0.628
167	1.152
168	0.782
169	0.801
170	0.949
171	1.027
172	0.957
173	1.139
174	0.833
175	0.918
176	0.413
177	0.823
178	0.675
179	0.67
180	0.978
181	0.939
182	0.891
183	0.848
184	1.011
185	0.916
186	0.94
187	0.966
188	1.378
189	0.852
190	0.999
191	1.264
192	0.973
193	1.168
194	0.877
195	0.57
196	0.726
197	1.07
198	1.051
199	1.287
200	1.074
201	1.05
202	0.943
203	0.964
204	1.101
205	1.133
206	1.06
207	1.053
208	0.586
209	0.972
210	1.242
211	0.858
212	1.089
213	1.314
214	0.869
215	0.773
216	0.971
217	1.044
218	1.268
219	1.022
220	0.954
221	0.728
222	1.077
223	0.939
224	0.824
225	0.906
226	0.827
227	0.8
228	0.793
229	1.012
230	0.804
231	0.868
232	0.93
233	0.788
234	0.811
235	0.017
236	0.469
237	0.839
238	0.846
239	0.82
240	0.968
241	1.056
242	0.998
243	0.821
244	0.929
245	1.095
246	0.964
247	1.163
248	0.834
249	0.907
250	1.241
251	1.299
252	1.291
253	1.281
254	1.204
255	0.657
256	0.854
257	1.034
258	1.132
259	0.849
260	0.978
261	0.821
262	0.864
263	1.008
264	1.057
265	1.139
266	1.222
267	0.965
268	1.103
269	1.176
270	1.156
271	0.904
272	0.847
273	0.902
274	0.624
275	0.874
276	0.947
277	1.039
278	0.623
279	0.934
280	1.128
281	1.241
282	1.187
283	1.086
284	1.134
285	1.005
286	1.367
287	0.933
288	1.291
289	1.104
290	0.971
291	0.752
292	1.077
293	0.59
294	0.409
295	0.802
296	0.937
297	0.879
298	0.854
299	0.98
300	1.136
301	0.801
302	0.954
303	0.963
304	1.009
305	0.735
306	0.46
307	0.555
308	0.53
309	0.709
310	1.004
311	0.962
312	1.024
313	1.313
314	1.341
315	1.37
316	1.367
317	1.36
318	1.317
319	1.321
320	0.961
321	0.47
322	0.978
323	0.989
324	0.968
325	1.088
326	1.089
327	1.342
328	0.824
329	1.244
330	1.363
331	1.068
332	1.275
333	0.84
334	1.036
335	1.07
336	0.762
337	0.741
338	1.246
339	0.658
340	0.938
341	0.895
342	0.861
343	1.074
344	0.838
345	1.199
346	1.097
347	1.263
348	0.942
349	1.248
350	1.118
351	1.144
352	0.992
353	1.11
354	1.073
355	1.132
356	1.228
357	0.874
358	1.071
359	1.086
360	1.238
361	1.107
362	1.02
363	0.747
364	1.024
365	1.403
366	1.249
367	1.035
368	1.282
369	0.856
370	0.762
371	0.76
372	1.165
373	0.844
374	0.855
375	0.963
376	0.93
377	1.045
378	0.974
379	1.237
380	1.173
381	1.194
382	1.2
383	1.036
384	1.091
385	1.18
386	1.213
387	1.011
388	1.015
389	1.422
390	1.102
391	1.024
392	1.021
393	1.113
394	1.151
395	1.082
396	1.162
397	1.309
398	1.105
399	1.25
400	0.91
401	1.2
402	0.656
403	1.084
404	0.828
405	1.072
406	0.958
407	1.055
408	1.193
409	0.92
410	1.086
411	1.13
412	0.811
413	0.878
414	1.078
415	1.222
416	0.714
417	1.247
418	0.775
419	0.702
420	0.788
421	1.014
422	1.093
423	0.933
424	0.867
425	1.246
426	1.076
427	1.288
428	1.071
429	1.135
430	1.22
431	0.727
432	0.964
433	1.239
434	1.215
435	1.3
436	0.867
437	0.447
438	1.052
439	0.655
440	0.776
441	0.741
442	0.668
443	0.701
444	0.791
445	0.709
446	0.6
447	0.66
448	0.826
449	0.487
450	0.699
451	0.685
452	1.194
453	1.155
454	1.079
455	1.001
456	1.015
457	1.12
458	1.316
459	1.244
460	1.029
461	0.744
462	1.272
463	0.668
464	0.802
465	0.935
466	0.824
467	0.894
468	1.145
469	0.964
470	0.806
471	0.778
472	0.59
473	0.696
474	0.76
475	0.926
476	1.042
477	1.12
478	0.984
479	0.878
480	1.197
481	1.07
482	0.946
483	0.962
484	1.013
485	1.012
486	0.647
487	1.1
488	0.687
489	0.885
490	0.81
491	0.899
492	0.924
493	1.146
494	1.14
495	1.123
496	1.19
497	1.099
498	1.159
499	1.103
500	1.032
501	0.924
502	1.309
503	1.316
504	1.404
505	1.325
506	0.77
507	1.166
508	1.269
509	1.177
510	1.233
511	0.989
512	1.026
513	1.015
514	0.929
515	1.007
516	0.842
517	0.825
518	0.816
519	1.166
520	1.353
521	1.112
522	1.349
523	1.414
524	1.213
525	0.966
526	1.379
527	1.371
528	1.025
529	1.039
530	1.241
531	0.854
532	1.172
533	1.072
534	1.077
535	1.062
536	0.354
537	0.641
538	1.403
539	1.107
540	1.04
541	1.043
542	0.688
543	0.71
544	0.899
545	0.786
546	0.759
547	0.676
548	0.878
549	1.081
550	0.921
551	0.876
552	1.149
553	1.156
554	0.681
555	0.982
556	0.721
557	1.179
558	1.079
559	0.846
560	1.055
561	1.058
562	0.551
563	0.657
564	0.994
565	0.949
566	1.047
567	1.112
568	1.123
569	0.401
570	0.541
571	0.707
572	0.771
573	1.078
574	0.831
575	0.988
576	0.933
577	0.927
578	0.815
579	0.804
580	0.612
581	0.874
582	1.005
583	0.988
584	0.775
585	1.091
586	1.33
587	1.188
588	1.352
589	1.41
590	1.242
591	0.959
592	1.087
593	1.318
594	0.797
595	1.201
596	0.534
597	1.559
598	1.327
599	1.314
600	1.215
601	0.978
602	0.756
603	0.625
604	0.977
605	1.197
606	1.041
607	1.243
608	0.861
609	1.093
610	0.703
611	0.672
612	0.815
613	0.857
614	1.121
615	0.993
616	0.737
617	0.82
618	1.235
619	0.843
620	0.642
621	1.271
622	1.007
623	1.242
624	0.984
625	0.828
626	0.97
627	0.129
628	0.991
629	1.117
630	1.071
631	1.166
632	0.947
633	0.987
634	0.999
635	0.92
636	1.044
637	1.073
638	1.215
639	0.861
640	0.973
641	1.224
642	1.271
643	1.17
644	0.711
645	0.226
646	0.935
647	1.071
648	0.582
649	1.023
650	0.934
651	0.616
652	1.072
653	0.97
654	0.893
655	0.844
656	1.105
657	1.04
658	0.996
659	1.019
660	0.962
661	0.959
662	0.89
663	1.092
664	0.801
665	1.0
666	1.069
667	0.877
668	1.226
669	1.377
670	1.085
671	1.337
672	1.537
673	1.133
674	1.315
675	1.001
676	0.988
677	0.42
678	0.882
679	1.316
680	1.139
681	0.505
682	0.831
683	1.276
684	0.942
685	0.873
686	0.986
687	0.806
688	0.808
689	1.018
690	0.985
691	1.095
692	0.966
693	0.655
694	0.943
695	1.004
696	0.975
697	1.01
698	0.793
699	0.574
700	1.283
701	1.004
702	0.899
703	0.845
704	1.389
705	1.279
706	0.973
707	1.036
708	1.182
709	1.199
710	1.032
711	0.977
712	0.921
713	0.842
714	0.958
715	1.061
716	0.985
717	0.521
718	0.864
719	0.912
720	0.615
721	1.055
722	1.148
723	1.252
724	1.214
725	1.112
726	1.315
727	1.095
728	1.415
729	0.97
730	0.953
731	1.209
732	0.983
733	0.895
734	1.031
735	1.467
736	1.054
737	0.853
738	0.958
739	0.883
740	0.62
741	0.76
742	1.228
743	0.635
744	0.839
745	0.744
746	1.009
747	0.96
748	1.189
749	1.01
750	0.888
751	1.039
752	0.813
753	0.84
754	1.195
755	0.955
756	1.191
757	1.054
758	0.985
759	1.261
760	1.266
761	0.658
762	0.188
763	0.83
764	0.888
765	0.947
766	0.829
767	0.883
768	0.935
769	0.877
770	0.836
771	0.718
772	0.926
773	0.681
774	1.029
775	0.964
776	0.882
777	0.716
778	0.998
779	1.159
780	0.826
781	0.769
782	0.605
783	0.809
784	1.004
785	1.188
786	1.159
787	0.945
788	0.789
789	0.821
790	0.813
791	0.976
792	1.152
793	1.047
794	0.737
795	0.906
796	0.779
797	0.797
798	0.666
799	0.181
800	0.707
801	0.601
802	0.521
803	0.921
804	0.725
805	1.015
806	1.04
807	0.857
808	0.87
809	0.123
810	0.853
811	0.99
812	1.164
813	1.026
814	0.894
815	1.129
816	1.027
817	0.331
818	0.544
819	0.786
820	0.858
821	1.038
822	0.93
823	0.77
824	0.939
825	0.796
826	0.911
827	0.719
828	0.895
829	0.732
830	0.717
831	0.624
832	0.971
833	1.146
834	0.929
835	0.719
836	0.8
837	0.608
838	0.731
839	0.553
840	0.706
841	0.442
842	0.926
843	1.001
844	0.856
845	0.908
846	1.165
847	0.509
848	0.78
849	1.092
850	1.123
851	1.068
852	1.039
853	1.239
854	1.058
855	0.908
856	1.319
857	1.097
858	1.107
859	1.21
860	0.706
861	0.945
862	1.0
863	0.99
864	0.98
865	0.71
866	0.623
867	0.467
868	0.687
869	0.691
870	0.921
871	1.072
872	0.899
873	0.94
874	0.945
875	0.929
876	0.95
877	0.775
878	0.514
879	1.003
880	0.69
881	0.828
882	1.128
883	0.986
884	0.647
885	1.015
886	0.571
887	0.886
888	0.767
889	0.732
890	0.947
891	1.248
892	1.106
893	0.976
894	1.456
895	1.179
896	1.129
897	1.237
898	1.008
899	0.557
900	0.773
901	0.787
902	0.601
903	0.594
904	0.818
905	0.911
906	0.669
907	0.472
908	0.901
909	0.821
910	0.917
911	0.816
912	0.901
913	0.615
914	0.705
915	0.967
916	0.768
917	0.944
918	0.752
919	0.65
920	0.706
921	0.89
922	0.597
923	0.698
924	0.278
925	0.776
926	0.796
927	0.647
928	0.644
929	0.757
930	0.661
931	0.679
932	0.83
933	0.938
934	0.957
935	1.032
936	0.97
937	1.246
938	1.075
939	0.879
940	0.984
941	1.219
942	0.685
943	0.972
944	0.99
945	0.893
946	0.851
947	0.73
948	0.986
949	0.792
950	0.972
951	1.027
952	0.775
953	1.088
954	1.106
955	0.786
956	0.848
957	0.313
958	0.676
959	0.789
960	0.851
961	0.533
962	1.001
963	1.252
964	1.027
965	1.09
966	1.343
967	0.857
968	1.399
969	0.522
970	1.294
971	0.867
972	0.667
973	0.782
974	0.926
975	0.764
976	0.969
977	1.062
978	1.065
979	0.749
980	0.788
981	0.664
982	1.255
983	0.828
984	0.531
985	0.952
986	1.13
987	1.025
988	0.683
989	1.341
990	0.652
991	0.975
992	0.874
993	0.937
994	0.783
995	0.363
996	0.687
997	0.61
998	0.549
999	0.931
1000	0.81
1001	0.485
1002	0.89
1003	0.93
1004	0.928
1005	0.466
1006	0.626
1007	1.065
1008	0.796
1009	0.722
1010	1.098
1011	0.605
1012	0.951
1013	0.946
1014	0.473
1015	0.867
1016	0.693
1017	0.896
1018	0.847
1019	0.743
1020	0.98
1021	0.839
1022	0.611
1023	1.045
1024	0.947
1025	0.933
1026	0.625
1027	0.678
1028	0.795
1029	1.039
1030	0.867
1031	0.953
1032	0.9
1033	0.722
1034	0.915
1035	0.752
1036	0.878
1037	0.824
1038	0.969
1039	1.052
1040	0.93
1041	0.943
1042	1.145
1043	0.746
1044	0.774
1045	0.911
1046	0.78
1047	0.95
1048	0.323
1049	0.57
1050	0.825
1051	0.892
1052	0.876
1053	0.572
1054	0.744
1055	0.763
1056	0.644
1057	0.755
1058	1.008
1059	0.917
1060	0.704
1061	1.194
1062	1.105
1063	0.861
1064	0.892
1065	0.901
1066	0.975
1067	0.727
1068	0.727
1069	0.749
1070	0.605
1071	0.848
1072	1.01
1073	1.035
1074	0.992
1075	1.004
1076	1.117
1077	0.664
1078	0.737
1079	0.977
1080	1.075
1081	1.35
1082	1.342
1083	0.961
1084	1.403
1085	1.191
1086	1.362
1087	1.292
1088	1.25
1089	0.929
1090	1.389
1091	1.277
1092	1.455
1093	1.069
1094	1.21
1095	1.157
1096	1.26
1097	1.068
1098	0.823
1099	1.294
1100	1.378
1101	1.037
1102	1.043
1103	1.029
1104	1.285
1105	1.23
1106	1.406
1107	1.186
1108	1.133
1109	0.962
1110	1.0
1111	1.046
1112	1.305
1113	0.96
1114	0.834
1115	1.022
1116	1.153
1117	0.786
1118	0.748
1119	0.794
1120	0.899
1121	0.509
1122	0.977
1123	0.723
1124	0.927
1125	1.367
1126	1.083
1127	1.0
1128	1.082
1129	1.043
1130	0.964
1131	1.256
1132	0.732
1133	0.265
1134	0.648
1135	0.875
1136	0.888
1137	0.998
1138	0.961
1139	0.99
1140	0.726
1141	1.04
1142	0.773
1143	0.758
1144	0.925
1145	0.805
1146	0.783
1147	0.763
1148	0.48
1149	0.641
1150	0.666
1151	0.364
1152	0.918
1153	0.774
1154	0.773
1155	1.076
1156	1.249
1157	0.828
1158	1.018
1159	1.341
1160	1.306
1161	1.337
1162	1.081
1163	1.174
1164	0.843
1165	1.3
1166	1.017
1167	1.078
1168	1.105
1169	1.47
1170	1.202
1171	1.092
1172	0.976
1173	1.178
1174	1.114
1175	1.489
1176	1.433
1177	1.246
1178	1.135
1179	1.466
1180	0.991
1181	1.423
1182	1.539
1183	1.715
1184	1.526
1185	1.388
1186	1.262
1187	1.26
1188	1.271
1189	1.06
1190	1.48
1191	1.129
1192	1.108
1193	1.554
1194	1.0
1195	1.443
1196	0.84
1197	1.41
1198	1.091
1199	1.218
1200	1.286
1201	0.754
1202	1.294
1203	1.115
1204	0.728
1205	1.021
1206	0.797
1207	1.086
1208	1.102
1209	0.894
1210	1.053
1211	1.47
1212	1.389
1213	1.302
1214	1.313
1215	1.021
1216	1.082
1217	0.546
1218	0.455
1219	0.963
1220	1.14
1221	1.284
1222	1.434
1223	1.153
1224	1.471
1225	1.439
1226	1.265
1227	0.643
1228	1.069
1229	1.259
1230	0.654
1231	1.263
1232	1.035
1233	0.851
1234	0.801
1235	0.971
1236	0.987
1237	0.893
1238	1.079
1239	0.935
1240	1.002
1241	0.98
1242	0.983
1243	0.909
1244	0.762
1245	1.047
1246	0.636
1247	0.862
1248	1.155
1249	1.115
1250	0.925
1251	1.007
1252	0.883
1253	1.202
1254	0.481
1255	0.69
1256	0.72
1257	1.145
1258	0.376
1259	1.168
1260	1.078
1261	1.045
1262	1.209
1263	0.864
1264	0.759
1265	0.737
1266	1.003
1267	1.019
1268	1.072
1269	0.902
1270	0.83
1271	0.826
1272	1.132
1273	0.508
1274	0.863
1275	1.086
1276	1.083
1277	1.098
1278	0.641
1279	1.295
1280	0.933
1281	0.865
1282	1.111
1283	1.021
1284	0.663
1285	0.546
1286	0.789
1287	0.789
1288	0.503
1289	0.647
1290	0.652
1291	0.8
1292	0.92
1293	0.79
1294	0.902
1295	1.011
1296	0.999
1297	0.841
1298	1.007
1299	0.767
1300	0.946
1301	1.103
1302	1.029
1303	0.928
1304	1.081
1305	0.996
1306	1.033
1307	0.651
1308	1.069
1309	0.744
1310	0.871
1311	1.09
1312	1.101
1313	1.18
1314	1.457
1315	0.943
1316	0.862
1317	0.845
1318	0.926
1319	0.988
1320	1.09
1321	1.123
1322	1.148
1323	0.881
1324	1.219
1325	1.405
1326	1.43
1327	1.379
1328	1.353
1329	1.155
1330	1.381
1331	1.358
1332	0.814
1333	1.054
1334	0.758
1335	0.881
1336	0.266
1337	0.697
1338	0.441
1339	0.51
1340	0.495
1341	0.603
1342	0.534
1343	0.655
1344	0.627
1345	0.692
1346	0.786
1347	0.672
1348	0.668
1349	0.628
1350	0.601
1351	0.579
1352	0.788
1353	0.757
1354	0.778
1355	0.75
1356	1.109
1357	0.817
1358	0.894
1359	0.941
1360	0.622
1361	0.489
1362	0.482
1363	0.638
1364	0.645
1365	0.643
1366	0.773
1367	0.901
1368	1.081
1369	1.09
1370	1.064
1371	0.892
1372	1.142
1373	1.006
1374	1.077
1375	0.885
1376	0.973
1377	0.557
1378	0.772
1379	0.707
1380	0.731
1381	0.842
1382	1.035
1383	1.183
1384	1.019
1385	1.135
1386	1.072
1387	1.056
1388	1.357
1389	1.036
1390	0.9
1391	1.055
1392	1.278
1393	0.99
1394	1.274
1395	1.326
1396	0.909
1397	0.965
1398	0.882
1399	0.866
1400	0.774
1401	0.836
1402	1.267
1403	1.106
1404	1.079
1405	1.091
1406	1.413
1407	1.295
1408	1.265
1409	1.405
1410	1.239
1411	1.334
1412	1.164
1413	1.118
1414	0.921
1415	1.095
1416	1.072
1417	1.439
1418	0.897
1419	1.173
1420	1.185
1421	1.185
1422	1.145
1423	1.263
1424	1.391
1425	1.064
1426	1.036
1427	1.051
1428	1.392
1429	1.299
1430	1.205
1431	1.07
1432	1.351
1433	1.238
1434	1.02
1435	1.425
1436	1.102
1437	1.19
1438	0.715
1439	0.967
1440	1.132
1441	0.874
1442	0.688
1443	0.897
1444	0.906
1445	0.907
1446	0.749
1447	0.96
1448	0.679
1449	0.983
1450	0.638
1451	0.818
1452	0.996
1453	0.962
1454	0.773
1455	0.94
1456	0.804
1457	0.852
1458	0.41
1459	0.419
1460	0.406
1461	0.571
1462	0.481
1463	0.677
1464	0.697
1465	0.634
1466	0.663
1467	0.729
1468	0.449
1469	0.741
1470	0.76
1471	0.549
1472	0.623
1473	0.441
1474	0.474
1475	0.488
1476	0.755
1477	0.747
1478	0.793
1479	0.728
1480	0.554
1481	1.007
1482	0.709
1483	0.677
1484	0.922
1485	1.039
1486	0.898
1487	0.956
1488	0.888
1489	0.921
1490	1.016
1491	0.768
1492	0.522
1493	0.729
1494	0.959
1495	0.774
1496	0.545
1497	0.404
1498	0.458
1499	0.849
1500	0.461
1501	0.988
1502	0.902
1503	1.035
1504	1.066
1505	0.748
1506	0.734
1507	1.007
1508	0.79
1509	1.01
1510	1.233
1511	1.048
1512	0.99
1513	0.902
1514	1.072
1515	0.669
1516	1.132
1517	1.188
1518	0.962
1519	1.244
1520	1.2
1521	1.003
1522	0.972
1523	0.579
1524	1.133
1525	1.079
1526	0.944
1527	1.361
1528	1.11
1529	0.947
1530	1.199
1531	1.023
1532	1.133
1533	0.699
1534	0.933
1535	1.312
1536	1.01
1537	1.182
1538	0.857
1539	1.299
1540	1.179
1541	0.779
1542	0.501
1543	0.723
1544	0.763
1545	0.814
1546	0.703
1547	0.546
1548	0.852
1549	0.735
1550	0.883
1551	0.737
1552	0.841
1553	0.891
1554	1.013
1555	1.017
1556	1.006
1557	1.131
1558	0.642
1559	0.937
1560	0.915
1561	1.001
1562	1.086
1563	0.937
1564	1.019
1565	0.857
1566	0.896
1567	1.181
1568	1.275
1569	1.061
1570	1.204
1571	0.963
1572	1.021
1573	0.778
1574	1.113
1575	1.154
1576	1.236
1577	1.081
1578	0.666
1579	0.615
1580	0.739
1581	0.967
1582	0.904
1583	1.033
1584	0.698
1585	0.692
1586	0.867
1587	0.985
1588	0.998
1589	0.784
1590	0.471
1591	0.724
1592	0.635
1593	0.767
1594	1.089
1595	0.692
1596	1.049
1597	0.982
1598	0.938
1599	0.86
1600	0.526
1601	0.645
1602	0.569
1603	1.1
1604	0.984
1605	0.686
1606	0.475
1607	0.567
1608	1.017
1609	0.758
1610	0.638
1611	0.674
1612	0.608
1613	0.738
1614	0.921
1615	0.622
1616	0.997
1617	0.956
1618	0.389
1619	0.624
1620	0.468
1621	0.768
1622	0.621
1623	0.615
1624	0.399
1625	0.863
1626	0.447
1627	0.591
1628	0.813
1629	0.977
1630	0.786
1631	0.678
1632	0.6
1633	0.837
1634	0.969
1635	0.866
1636	0.905
1637	0.955
1638	0.787
1639	0.943
1640	1.092
1641	0.567
1642	0.505
1643	0.789
1644	0.627
1645	0.613
1646	0.644
1647	0.329
1648	0.621
1649	0.634
1650	0.685
1651	0.907
1652	0.662
1653	0.766
1654	0.72
1655	0.574
1656	0.747
1657	0.798
1658	0.887
1659	0.98
1660	1.067
1661	1.255
1662	0.962
1663	0.879
1664	1.199
1665	1.152
1666	0.906
1667	0.934
1668	0.593
1669	0.635
1670	0.665
1671	0.925
1672	0.583
1673	0.694
1674	0.72
1675	0.493
1676	0.617
1677	0.475
1678	0.711
1679	0.699
1680	0.765
1681	0.117
1682	0.801
1683	0.745
1684	0.844
1685	0.696
1686	0.532
1687	0.719
1688	0.721
1689	0.838
1690	0.66
1691	0.969
1692	0.818
1693	0.951
1694	0.93
1695	1.021
1696	0.624
1697	0.828
1698	0.944
1699	0.655
1700	0.612
1701	0.733
1702	0.621
1703	0.346
1704	0.406
1705	0.312
1706	0.619
1707	0.528
1708	0.266
1709	0.688
1710	0.646
1711	0.613
1712	0.752
1713	0.827
1714	0.656
1715	0.887
1716	0.693
1717	0.766
1718	0.934
1719	0.849
1720	0.975
1721	1.162
1722	1.035
1723	0.886
1724	1.278
1725	0.956
1726	0.795
1727	1.003
1728	0.952
1729	1.077
1730	1.191
1731	0.796
1732	1.056
1733	0.668
1734	1.061
1735	0.779
1736	1.11
1737	1.193
1738	1.072
1739	1.062
1740	1.106
1741	1.432
1742	1.015
1743	1.236
1744	1.114
1745	1.004
1746	0.977
1747	1.073
1748	1.126
1749	0.97
1750	1.021
1751	1.268
1752	0.781
1753	0.506
1754	0.983
1755	0.794
1756	0.826
1757	0.891
1758	0.982
1759	0.759
1760	1.29
1761	1.143
1762	1.026
1763	0.918
1764	0.809
1765	1.016
1766	0.728
1767	1.067
1768	0.815
1769	1.007
1770	0.885
1771	1.08
1772	1.172
1773	1.097
1774	1.065
1775	1.265
1776	1.187
1777	0.969
1778	1.141
1779	1.157
1780	1.104
1781	0.974
1782	0.578
1783	0.969
1784	1.01
1785	1.305
1786	1.293
1787	1.107
1788	1.281
1789	1.138
1790	0.923
1791	1.087
1792	1.125
1793	0.888
1794	1.075
1795	1.091
1796	1.201
1797	1.2
1798	1.18
1799	1.21
1800	1.215
1801	1.217
1802	1.17
1803	1.245
1804	1.198
1805	1.241
1806	0.938
1807	1.045
1808	1.309
1809	1.36
1810	0.695
1811	1.078
1812	0.806
1813	0.841
1814	0.889
1815	0.804
1816	0.755
1817	1.071
1818	0.776
1819	0.764
1820	0.786
1821	0.923
1822	0.733
1823	0.977
1824	0.953
1825	0.848
1826	1.159
1827	1.253
1828	0.857
1829	0.903
1830	0.847
1831	1.152
1832	0.869
1833	1.06
1834	1.202
1835	0.99
1836	0.617
1837	0.667
1838	0.665
1839	0.854
1840	0.657
1841	0.758
1842	0.57
1843	0.804
1844	0.633
1845	0.725
1846	0.957
1847	0.789
1848	1.065
1849	0.857
1850	0.803
1851	0.858
1852	1.122
1853	1.131
1854	1.199
1855	1.028
1856	0.96
1857	0.631
1858	1.003
1859	1.187
1860	1.363
1861	1.031
1862	1.265
1863	1.078
1864	1.455
1865	0.895
1866	1.6
1867	1.348
1868	1.388
1869	1.177
1870	1.327
1871	1.211
1872	1.418
1873	1.54
1874	1.49
1875	1.359
1876	1.16
1877	1.659
1878	1.334
1879	1.348
1880	0.953
1881	1.031
1882	1.554
1883	1.345
1884	1.286
1885	1.145
1886	1.402
1887	1.143
1888	1.252
1889	1.34
1890	0.938
1891	1.298
1892	1.303
1893	1.167
1894	1.08
1895	1.224
1896	1.014
1897	1.186
1898	1.451
1899	1.095
1900	1.654
1901	1.612
1902	1.564
1903	1.397
1904	1.344
1905	1.632
1906	1.499
1907	1.765
1908	1.511
1909	1.669
1910	1.408
1911	1.662
1912	1.196
1913	0.998
1914	1.457
1915	1.548
1916	1.374
1917	1.237
1918	1.37
1919	1.705
1920	1.402
1921	1.43
1922	1.727
1923	1.482
1924	1.313
1925	1.654
1926	1.522
1927	1.843
1928	1.79
1929	1.321
1930	1.889
1931	1.87
1932	1.753
1933	1.767
1934	1.482
1935	1.531
1936	1.461
1937	1.821
1938	1.363
1939	1.613
1940	1.812
1941	1.031
1942	1.488
1943	1.582
1944	1.125
1945	1.349
1946	1.572
1947	1.618
1948	1.344
1949	1.168
1950	1.626
1951	1.843
1952	1.384
1953	1.836
1954	1.628
1955	1.906
1956	1.739
1957	2.045
1958	1.584
1959	1.712
1960	1.3
1961	1.253
1962	1.615
1963	1.762
1964	1.893
1965	1.616
1966	1.249
1967	1.934
1968	2.025
1969	2.152
1970	1.915
1971	2.101
1972	1.91
1973	1.941
1974	1.769
1975	1.449
1976	1.935
1977	2.466
1978	1.998
1979	1.806
1980	2.469
1981	1.938
1982	2.025
1983	1.938
1984	2.292
1985	1.981
1986	1.512
1987	1.38
1988	1.888
1989	1.495
1990	1.611